0.0,0.010056,0.0,0.0
0.0,0.020056,0.0,0.0
0.0,0.030056,0.0,0.0
0.0,0.040056,0.0,0.0
0.0,0.050056,0.0,0.0
0.0,0.060056,0.0,0.0
0.0,0.070056,0.0,0.0
0.0,0.080056,0.0,0.0
0.0,0.090056,0.0,0.0
0.0,0.100056,0.0,0.0
0.0,0.110056,0.0,0.0
0.0,0.120056,0.0,0.0
0.0,0.130056,0.0,0.0
0.0,0.140056,0.0,0.0
0.0,0.150056,0.0,0.0
0.0,0.160056,0.0,0.0
0.0,0.170056,0.0,0.0
0.0,0.180056,0.0,0.0
0.0,0.190056,0.0,0.0
0.0,0.200056,0.0,0.0
0.0,0.210056,0.0,0.0
0.0,0.220056,0.0,0.0
0.0,0.230056,0.0,0.0
0.0,0.240056,0.0,0.0
0.0,0.250056,0.0,0.0
0.0,0.260056,0.0,0.0
0.0,0.270056,0.0,0.0
0.0,0.280056,0.0,0.0
0.0,0.290056,0.0,0.0
0.0,0.300056,0.0,0.0
0.0,0.310056,0.0,0.0
0.0,0.320056,0.0,0.0
0.0,0.330056,0.0,0.0
0.0,0.340056,0.0,0.0
0.0,0.350056,0.0,0.0
0.0,0.360056,0.0,0.0
0.0,0.370056,0.0,0.0
0.0,0.380056,0.0,0.0
0.0,0.390056,0.0,0.0
0.0,0.400056,0.0,0.0
0.0,0.410056,0.0,0.0
0.0,0.420056,0.0,0.0
0.0,0.430056,0.0,0.0
0.0,0.440056,0.0,0.0
0.0,0.450056,0.0,0.0
0.0,0.460056,0.0,0.0
0.0,0.470056,0.0,0.0
0.0,0.480056,0.0,0.0
0.0,0.490056,0.0,0.0
0.0,0.500056,0.0,0.0
0.0,0.510056,0.0,0.0
0.0,0.520056,0.0,0.0
0.0,0.530056,0.0,0.0
0.0,0.540056,0.0,0.0
0.0,0.550056,0.0,0.0
0.0,0.560056,0.0,0.0
0.0,0.570056,0.0,0.0
0.0,0.580056,0.0,0.0
0.0,0.590056,0.0,0.0
0.0,0.600056,0.0,0.0
0.0,0.610056,0.0,0.0
0.0,0.620056,0.0,0.0
0.0,0.630056,0.0,0.0
0.0,0.64006,0.0,0.0
0.0,0.650056,0.0,0.0
0.0,0.660056,0.0,0.0
0.0,0.670056,0.0,0.0
0.0,0.680056,0.0,0.0
0.0,0.690056,0.0,0.0
0.0,0.700056,0.0,0.0
0.0,0.710056,0.0,0.0
0.0,0.720056,0.0,0.0
0.0,0.730056,0.0,0.0
0.0,0.740056,0.0,0.0
0.0,0.750056,0.0,0.0
0.0,0.760056,0.0,0.0
0.0,0.770056,0.0,0.0
0.0,0.780056,0.0,0.0
0.0,0.790056,0.0,0.0
0.0,0.800056,0.0,0.0
0.0,0.810056,0.0,0.0
0.0,0.820056,0.0,0.0
0.0,0.830056,0.0,0.0
0.0,0.840056,0.0,0.0
0.0,0.850056,0.0,0.0
0.0,0.860056,0.0,0.0
0.0,0.870056,0.0,0.0
0.0,0.880056,0.0,0.0
0.0,0.890056,0.0,0.0
0.0,0.900056,0.0,0.0
0.0,0.910056,0.0,0.0
0.0,0.920056,0.0,0.0
0.0,0.930056,0.0,0.0
0.0,0.940056,0.0,0.0
0.0,0.950056,0.0,0.0
0.0,0.960056,0.0,0.0
0.0,0.970056,0.0,0.0
0.0,0.980056,0.0,0.0
0.0,0.990056,0.0,0.0
0.0,1.000056,0.0,0.0
0.0,1.010056,0.0,0.0
0.0,1.020056,0.0,0.0
0.0,1.030056,0.0,0.0
0.0,1.040056,0.0,0.0
0.0,1.050056,0.0,0.0
0.0,1.060056,0.0,0.0
0.0,1.070056,0.0,0.0
0.0,1.080056,0.0,0.0
0.0,1.090056,0.0,0.0
0.0,1.100056,0.0,0.0
0.0,1.110056,0.0,0.0
0.0,1.120056,0.0,0.0
0.0,1.130056,0.0,0.0
0.0,1.140056,0.0,0.0
0.0,1.150056,0.0,0.0
0.0,1.160056,0.0,0.0
0.0,1.170056,0.0,0.0
0.0,1.180056,0.0,0.0
0.0,1.190056,0.0,0.0
0.0,1.200056,0.0,0.0
0.0,1.210056,0.0,0.0
0.0,1.220056,0.0,0.0
0.0,1.230056,0.0,0.0
0.0,1.240056,0.0,0.0
0.0,1.250056,0.0,0.0
0.0,1.260056,0.0,0.0
0.0,1.270056,0.0,0.0
0.0,1.28006,0.0,0.0
0.0,1.290056,0.0,0.0
0.0,1.300056,0.0,0.0
0.0,1.310056,0.0,0.0
0.0,1.320056,0.0,0.0
0.0,1.330056,0.0,0.0
0.0,1.340056,0.0,0.0
0.0,1.350056,0.0,0.0
0.0,1.360056,0.0,0.0
0.0,1.370056,0.0,0.0
0.0,1.380056,0.0,0.0
0.0,1.390056,0.0,0.0
0.0,1.400056,0.0,0.0
0.0,1.410056,0.0,0.0
0.0,1.420056,0.0,0.0
0.0,1.430056,0.0,0.0
0.0,1.440056,0.0,0.0
0.0,1.450056,0.0,0.0
0.0,1.460056,0.0,0.0
0.0,1.470056,0.0,0.0
0.0,1.480056,0.0,0.0
0.0,1.490056,0.0,0.0
0.0,1.500056,0.0,0.0
0.0,1.510056,0.0,0.0
0.0,1.520056,0.0,0.0
0.0,1.530056,0.0,0.0
0.0,1.540056,0.0,0.0
0.0,1.550056,0.0,0.0
0.0,1.560056,0.0,0.0
0.0,1.570056,0.0,0.0
0.0,1.580056,0.0,0.0
0.0,1.590056,0.0,0.0
0.0,1.600056,0.0,0.0
0.0,1.610056,0.0,0.0
0.0,1.620056,0.0,0.0
0.0,1.630056,0.0,0.0
0.0,1.640056,0.0,0.0
0.0,1.650056,0.0,0.0
0.0,1.660056,0.0,0.0
0.0,1.670056,0.0,0.0
0.0,1.680056,0.0,0.0
0.0,1.690056,0.0,0.0
0.0,1.700056,0.0,0.0
0.0,1.710056,0.0,0.0
0.0,1.720056,0.0,0.0
0.0,1.730056,0.0,0.0
0.0,1.740056,0.0,0.0
0.0,1.750056,0.0,0.0
0.0,1.760056,0.0,0.0
0.0,1.770056,0.0,0.0
0.0,1.780056,0.0,0.0
0.0,1.790056,0.0,0.0
0.0,1.800056,0.0,0.0
0.0,1.810056,0.0,0.0
0.0,1.820056,0.0,0.0
0.0,1.830056,0.0,0.0
0.0,1.840056,0.0,0.0
0.0,1.850056,0.0,0.0
0.0,1.860056,0.0,0.0
0.0,1.870056,0.0,0.0
0.0,1.880056,0.0,0.0
0.0,1.890056,0.0,0.0
0.0,1.900056,0.0,0.0
0.0,1.910056,0.0,0.0
0.0,1.92006,0.0,0.0
0.0,1.930056,0.0,0.0
0.0,1.940056,0.0,0.0
0.0,1.950056,0.0,0.0
0.0,1.960056,0.0,0.0
0.0,1.970056,0.0,0.0
0.0,1.980056,0.0,0.0
0.0,1.990056,0.0,0.0
0.0,2.000056,0.0,0.0
0.0,2.010056,0.0,0.0
0.0,2.020056,0.0,0.0
0.0,2.030056,0.0,0.0
0.0,2.040056,0.0,0.0
0.0,2.050056,0.0,0.0
0.0,2.060056,0.0,0.0
0.0,2.070056,0.0,0.0
0.0,2.080056,0.0,0.0
0.0,2.090056,0.0,0.0
0.0,2.100056,0.0,0.0
0.0,2.110056,0.0,0.0
0.0,2.120056,0.0,0.0
0.0,2.130056,0.0,0.0
0.0,2.140056,0.0,0.0
0.0,2.150056,0.0,0.0
0.0,2.160056,0.0,0.0
0.0,2.170056,0.0,0.0
0.0,2.180056,0.0,0.0
0.0,2.190056,0.0,0.0
0.0,2.200056,0.0,0.0
0.0,2.210056,0.0,0.0
0.0,2.220056,0.0,0.0
0.0,2.230056,0.0,0.0
0.0,2.240056,0.0,0.0
0.0,2.250056,0.0,0.0
0.0,2.260056,0.0,0.0
0.0,2.270056,0.0,0.0
0.0,2.280056,0.0,0.0
0.0,2.290056,0.0,0.0
0.0,2.300056,0.0,0.0
0.0,2.310056,0.0,0.0
0.0,2.320056,0.0,0.0
0.0,2.330056,0.0,0.0
0.0,2.340056,0.0,0.0
0.0,2.350056,0.0,0.0
0.0,2.360056,0.0,0.0
0.0,2.370056,0.0,0.0
0.0,2.380056,0.0,0.0
0.0,2.390056,0.0,0.0
0.0,2.400056,0.0,0.0
0.0,2.410056,0.0,0.0
0.0,2.420056,0.0,0.0
0.0,2.430056,0.0,0.0
0.0,2.440056,0.0,0.0
0.0,2.450056,0.0,0.0
0.0,2.460056,0.0,0.0
0.0,2.470056,0.0,0.0
0.0,2.480056,0.0,0.0
0.0,2.490056,0.0,0.0
0.0,2.500056,0.0,0.0
0.0,2.510056,0.0,0.0
0.0,2.520056,0.0,0.0
0.0,2.530056,0.0,0.0
0.0,2.540056,0.0,0.0
0.0,2.550056,0.0,0.0
0.0,2.56006,0.0,0.0
0.0,2.570056,0.0,0.0
0.0,2.580056,0.0,0.0
0.0,2.590056,0.0,0.0
0.0,2.600056,0.0,0.0
0.0,2.610056,0.0,0.0
0.0,2.620056,0.0,0.0
0.0,2.630056,0.0,0.0
0.0,2.640056,0.0,0.0
0.0,2.650056,0.0,0.0
0.0,2.660056,0.0,0.0
0.0,2.670056,0.0,0.0
0.0,2.680056,0.0,0.0
0.0,2.690056,0.0,0.0
0.0,2.700056,0.0,0.0
0.0,2.710056,0.0,0.0
0.0,2.720056,0.0,0.0
0.0,2.730056,0.0,0.0
0.0,2.740056,0.0,0.0
0.0,2.750056,0.0,0.0
0.0,2.760056,0.0,0.0
0.0,2.770056,0.0,0.0
0.0,2.780056,0.0,0.0
0.0,2.790056,0.0,0.0
0.0,2.800056,0.0,0.0
0.0,2.810056,0.0,0.0
0.0,2.820056,0.0,0.0
0.0,2.830056,0.0,0.0
0.0,2.840056,0.0,0.0
0.0,2.850056,0.0,0.0
0.0,2.860056,0.0,0.0
0.0,2.870056,0.0,0.0
0.0,2.880056,0.0,0.0
0.0,2.890056,0.0,0.0
0.0,2.900056,0.0,0.0
0.0,2.910056,0.0,0.0
0.0,2.920056,0.0,0.0
0.0,2.930056,0.0,0.0
0.0,2.940056,0.0,0.0
0.0,2.950056,0.0,0.0
0.0,2.960056,0.0,0.0
0.0,2.970056,0.0,0.0
0.0,2.980056,0.0,0.0
0.0,2.990056,0.0,0.0
0.0,3.000056,0.0,0.0
0.0,3.010056,0.0,0.0
0.0,3.020056,0.0,0.0
0.0,3.030056,0.0,0.0
0.0,3.040056,0.0,0.0
0.0,3.050056,0.0,0.0
0.0,3.060056,0.0,0.0
0.0,3.070056,0.0,0.0
0.0,3.080056,0.0,0.0
0.0,3.090056,0.0,0.0
0.0,3.100056,0.0,0.0
0.0,3.110056,0.0,0.0
0.0,3.120056,0.0,0.0
0.0,3.130056,0.0,0.0
0.0,3.140056,0.0,0.0
0.0,3.150056,0.0,0.0
0.0,3.160056,0.0,0.0
0.0,3.170056,0.0,0.0
0.0,3.180056,0.0,0.0
0.0,3.190056,0.0,0.0
0.0,3.20006,0.0,0.0
0.0,3.210056,0.0,0.0
0.0,3.220056,0.0,0.0
0.0,3.230056,0.0,0.0
0.0,3.240056,0.0,0.0
0.0,3.250056,0.0,0.0
0.0,3.260056,0.0,0.0
0.0,3.270056,0.0,0.0
0.0,3.280056,0.0,0.0
0.0,3.290056,0.0,0.0
0.0,3.300056,0.0,0.0
0.0,3.310056,0.0,0.0
0.0,3.320056,0.0,0.0
0.0,3.330056,0.0,0.0
0.0,3.340056,0.0,0.0
0.0,3.350056,0.0,0.0
0.0,3.360056,0.0,0.0
0.0,3.370056,0.0,0.0
0.0,3.380056,0.0,0.0
0.0,3.390056,0.0,0.0
0.0,3.400056,0.0,0.0
0.0,3.410056,0.0,0.0
0.0,3.420056,0.0,0.0
0.0,3.430056,0.0,0.0
0.0,3.440056,0.0,0.0
0.0,3.450056,0.0,0.0
0.0,3.460056,0.0,0.0
0.0,3.470056,0.0,0.0
0.0,3.480056,0.0,0.0
0.0,3.490056,0.0,0.0
0.0,3.500056,0.0,0.0
0.0,3.510056,0.0,0.0
0.0,3.520056,0.0,0.0
0.0,3.530056,0.0,0.0
0.0,3.540056,0.0,0.0
0.0,3.550056,0.0,0.0
0.0,3.560056,0.0,0.0
0.0,3.570056,0.0,0.0
0.0,3.580056,0.0,0.0
0.0,3.590056,0.0,0.0
0.0,3.600056,0.0,0.0
0.0,3.610056,0.0,0.0
0.0,3.620056,0.0,0.0
0.0,3.630056,0.0,0.0
0.0,3.640056,0.0,0.0
0.0,3.650056,0.0,0.0
0.0,3.660056,0.0,0.0
0.0,3.670056,0.0,0.0
0.0,3.680056,0.0,0.0
0.0,3.690056,0.0,0.0
0.0,3.700056,0.0,0.0
0.0,3.710056,0.0,0.0
0.0,3.720056,0.0,0.0
0.0,3.730056,0.0,0.0
0.0,3.740056,0.0,0.0
0.0,3.750056,0.0,0.0
0.0,3.760056,0.0,0.0
0.0,3.770056,0.0,0.0
0.0,3.780056,0.0,0.0
0.0,3.790056,0.0,0.0
0.0,3.800056,0.0,0.0
0.0,3.810056,0.0,0.0
0.0,3.820056,0.0,0.0
0.0,3.830056,0.0,0.0
0.0,3.84006,0.0,0.0
0.0,3.850056,0.0,0.0
0.0,3.860056,0.0,0.0
0.0,3.870056,0.0,0.0
0.0,3.880056,0.0,0.0
0.0,3.890056,0.0,0.0
0.0,3.900056,0.0,0.0
0.0,3.910056,0.0,0.0
0.0,3.920056,0.0,0.0
0.0,3.930056,0.0,0.0
0.0,3.940056,0.0,0.0
0.0,3.950056,0.0,0.0
0.0,3.960056,0.0,0.0
0.0,3.970056,0.0,0.0
0.0,3.980056,0.0,0.0
0.0,3.990056,0.0,0.0
0.0,4.000056,0.0,0.0
0.0,4.010056,0.0,0.0
0.0,4.020056,0.0,0.0
0.0,4.030056,0.0,0.0
0.0,4.040056,0.0,0.0
0.0,4.050056,0.0,0.0
0.0,4.060056,0.0,0.0
0.0,4.070056,0.0,0.0
0.0,4.080056,0.0,0.0
0.0,4.090056,0.0,0.0
0.0,4.100056,0.0,0.0
0.0,4.110056,0.0,0.0
0.0,4.120056,0.0,0.0
0.0,4.130056,0.0,0.0
0.0,4.140056,0.0,0.0
0.0,4.150056,0.0,0.0
0.0,4.160056,0.0,0.0
0.0,4.170056,0.0,0.0
0.0,4.180056,0.0,0.0
0.0,4.190056,0.0,0.0
0.0,4.200056,0.0,0.0
0.0,4.210056,0.0,0.0
0.0,4.220056,0.0,0.0
0.0,4.230056,0.0,0.0
0.0,4.240056,0.0,0.0
0.0,4.250056,0.0,0.0
0.0,4.260056,0.0,0.0
0.0,4.270056,0.0,0.0
0.0,4.280056,0.0,0.0
0.0,4.290056,0.0,0.0
0.0,4.300056,0.0,0.0
0.0,4.310056,0.0,0.0
0.0,4.320056,0.0,0.0
0.0,4.330056,0.0,0.0
0.0,4.340056,0.0,0.0
0.0,4.350056,0.0,0.0
0.0,4.360056,0.0,0.0
0.0,4.370056,0.0,0.0
0.0,4.380056,0.0,0.0
0.0,4.390056,0.0,0.0
0.0,4.400056,0.0,0.0
0.0,4.410056,0.0,0.0
0.0,4.420056,0.0,0.0
0.0,4.430056,0.0,0.0
0.0,4.440056,0.0,0.0
0.0,4.450056,0.0,0.0
0.0,4.460056,0.0,0.0
0.0,4.470056,0.0,0.0
0.0,4.48006,0.0,0.0
0.0,4.490056,0.0,0.0
0.0,4.500056,0.0,0.0
0.0,4.510056,0.0,0.0
0.0,4.520056,0.0,0.0
0.0,4.530056,0.0,0.0
0.0,4.540056,0.0,0.0
0.0,4.550056,0.0,0.0
0.0,4.560056,0.0,0.0
0.0,4.570056,0.0,0.0
0.0,4.580056,0.0,0.0
0.0,4.590056,0.0,0.0
0.0,4.600056,0.0,0.0
0.0,4.610056,0.0,0.0
0.0,4.620056,0.0,0.0
0.0,4.630056,0.0,0.0
0.0,4.640056,0.0,0.0
0.0,4.650056,0.0,0.0
0.0,4.660056,0.0,0.0
0.0,4.670056,0.0,0.0
0.0,4.680056,0.0,0.0
0.0,4.690056,0.0,0.0
0.0,4.700056,0.0,0.0
0.0,4.710056,0.0,0.0
0.0,4.720056,0.0,0.0
0.0,4.730056,0.0,0.0
0.0,4.740056,0.0,0.0
0.0,4.750056,0.0,0.0
0.0,4.760056,0.0,0.0
0.0,4.770056,0.0,0.0
0.0,4.780056,0.0,0.0
0.0,4.790056,0.0,0.0
0.0,4.800056,0.0,0.0
0.0,4.810056,0.0,0.0
0.0,4.820056,0.0,0.0
0.0,4.830056,0.0,0.0
0.0,4.840056,0.0,0.0
0.0,4.850056,0.0,0.0
0.0,4.860056,0.0,0.0
0.0,4.870056,0.0,0.0
0.0,4.880056,0.0,0.0
0.0,4.890056,0.0,0.0
0.0,4.900056,0.0,0.0
0.0,4.910056,0.0,0.0
0.0,4.920056,0.0,0.0
0.0,4.930056,0.0,0.0
0.0,4.940056,0.0,0.0
0.0,4.950056,0.0,0.0
0.0,4.960056,0.0,0.0
0.0,4.970056,0.0,0.0
0.0,4.980056,0.0,0.0
0.0,4.990056,0.0,0.0
0.02618,5.000056,0.0,0.0
0.051496,5.010076,0.0008640000000000001,0.0
0.07422,5.02008,0.00432,0.0
0.09372400000000002,5.030088,0.010996,0.0
0.11071500000000001,5.040084,0.020185,0.0
0.12629200000000002,5.050084,0.030788,0.0
0.1414765,5.060064,0.0417835,0.0
0.15673950000000003,5.07008,0.0527005,0.0
0.17208100000000004,5.080064,0.063539,0.0
0.18742250000000005,5.090056,0.07437749999999999,0.0
0.20276400000000006,5.100056,0.08521599999999999,0.0
0.21810550000000004,5.110056,0.09605449999999999,0.0
0.23344700000000007,5.12006,0.10689299999999997,0.0
0.24878850000000005,5.130056,0.11773149999999998,0.0
0.26413000000000003,5.140056,0.12856999999999996,0.0
0.27947150000000004,5.150056,0.13940849999999996,0.0
0.294813,5.160056,0.15024699999999996,0.0
0.3101545,5.170056,0.16108549999999996,0.0
0.325496,5.180056,0.17192399999999997,0.0
0.34083749999999996,5.190056,0.18276249999999994,0.0
0.32999899999999993,5.200056,0.19360099999999994,0.0
0.32002449999999993,5.210056,0.20357549999999996,0.0
0.312642,5.220056,0.21095799999999998,0.0
0.30847949999999996,5.230056,0.21512049999999996,0.0
0.30682999999999994,5.240056,0.21677000000000002,0.0
0.3065945,5.250056,0.21700549999999996,0.0
0.30675149999999995,5.260056,0.21684849999999997,0.0
0.30682999999999994,5.270056,0.21676999999999996,0.0
0.30682999999999994,5.280056,0.21676999999999996,0.0
0.30682999999999994,5.290056,0.21676999999999996,0.0
0.30682999999999994,5.300056,0.21676999999999996,0.0
0.30682999999999994,5.310056,0.21676999999999996,0.0
0.30682999999999994,5.320056,0.21676999999999996,0.0
0.30682999999999994,5.330056,0.21676999999999996,0.0
0.30682999999999994,5.340056,0.21676999999999996,0.0
0.30682999999999994,5.350056,0.21676999999999996,0.0
0.30682999999999994,5.360056,0.21676999999999996,0.0
0.30682999999999994,5.370056,0.21676999999999996,0.0
0.30682999999999994,5.380056,0.21676999999999996,0.0
0.30682999999999994,5.390056,0.21676999999999996,0.0
0.30682999999999994,5.400056,0.21676999999999996,0.0
0.30682999999999994,5.410056,0.21676999999999996,0.0
0.30682999999999994,5.420056,0.21676999999999996,0.0
0.30682999999999994,5.430056,0.21676999999999996,0.0
0.30682999999999994,5.440056,0.21676999999999996,0.0
0.30682999999999994,5.450056,0.21676999999999996,0.0
0.30682999999999994,5.460056,0.21676999999999996,0.0
0.30682999999999994,5.470056,0.21676999999999996,0.0
0.30682999999999994,5.480056,0.21676999999999996,0.0
0.30682999999999994,5.490056,0.21676999999999996,0.0
0.30682999999999994,5.500056,0.21676999999999996,0.0
0.30682999999999994,5.510056,0.21676999999999996,0.0
0.30682999999999994,5.520056,0.21676999999999996,0.0
0.30682999999999994,5.530056,0.21676999999999996,0.0
0.30682999999999994,5.540056,0.21676999999999996,0.0
0.30682999999999994,5.550056,0.21676999999999996,0.0
0.30682999999999994,5.560056,0.21676999999999996,0.0
0.30682999999999994,5.570056,0.21676999999999996,0.0
0.30682999999999994,5.580056,0.21676999999999996,0.0
0.30682999999999994,5.590056,0.21676999999999996,0.0
0.30682999999999994,5.600056,0.21676999999999996,0.0
0.30682999999999994,5.610056,0.21676999999999996,0.0
0.30682999999999994,5.620056,0.21676999999999996,0.0
0.30682999999999994,5.630056,0.21676999999999996,0.0
0.30682999999999994,5.640056,0.21676999999999996,0.0
0.30682999999999994,5.650056,0.21676999999999996,0.0
0.30682999999999994,5.660056,0.21676999999999996,0.0
0.30682999999999994,5.670056,0.21676999999999996,0.0
0.30682999999999994,5.680056,0.21676999999999996,0.0
0.30682999999999994,5.690056,0.21676999999999996,0.0
0.30682999999999994,5.700056,0.21676999999999996,0.0
0.30682999999999994,5.710056,0.21676999999999996,0.0
0.30682999999999994,5.720056,0.21676999999999996,0.0
0.30682999999999994,5.730056,0.21676999999999996,0.0
0.30682999999999994,5.740056,0.21676999999999996,0.0
0.30682999999999994,5.750056,0.21676999999999996,0.0
0.30682999999999994,5.76006,0.21676999999999996,0.0
0.30682999999999994,5.770056,0.21676999999999996,0.0
0.30682999999999994,5.780056,0.21676999999999996,0.0
0.30682999999999994,5.790056,0.21676999999999996,0.0
0.30682999999999994,5.800056,0.21676999999999996,0.0
0.30682999999999994,5.810056,0.21676999999999996,0.0
0.30682999999999994,5.820056,0.21676999999999996,0.0
0.30682999999999994,5.830056,0.21676999999999996,0.0
0.30682999999999994,5.840056,0.21676999999999996,0.0
0.30682999999999994,5.850056,0.21676999999999996,0.0
0.30682999999999994,5.860056,0.21676999999999996,0.0
0.30682999999999994,5.870056,0.21676999999999996,0.0
0.30682999999999994,5.880056,0.21676999999999996,0.0
0.30682999999999994,5.890056,0.21676999999999996,0.0
0.30682999999999994,5.900056,0.21676999999999996,0.0
0.30682999999999994,5.910056,0.21676999999999996,0.0
0.30682999999999994,5.920056,0.21676999999999996,0.0
0.30682999999999994,5.930056,0.21676999999999996,0.0
0.30682999999999994,5.940056,0.21676999999999996,0.0
0.30682999999999994,5.950056,0.21676999999999996,0.0
0.30682999999999994,5.960056,0.21676999999999996,0.0
0.30682999999999994,5.970056,0.21676999999999996,0.0
0.30682999999999994,5.980056,0.21676999999999996,0.0
0.30682999999999994,5.990056,0.21676999999999996,0.0
0.30682999999999994,6.000056,0.21676999999999996,0.0
0.30682999999999994,6.010056,0.21676999999999996,0.0
0.30682999999999994,6.020056,0.21676999999999996,0.0
0.30682999999999994,6.030056,0.21676999999999996,0.0
0.30682999999999994,6.040056,0.21676999999999996,0.0
0.30682999999999994,6.050056,0.21676999999999996,0.0
0.30682999999999994,6.060056,0.21676999999999996,0.0
0.30682999999999994,6.070056,0.21676999999999996,0.0
0.30682999999999994,6.080056,0.21676999999999996,0.0
0.30682999999999994,6.090056,0.21676999999999996,0.0
0.30682999999999994,6.100056,0.21676999999999996,0.0
0.30682999999999994,6.110056,0.21676999999999996,0.0
0.30682999999999994,6.120056,0.21676999999999996,0.0
0.30682999999999994,6.130056,0.21676999999999996,0.0
0.30682999999999994,6.140056,0.21676999999999996,0.0
0.30682999999999994,6.150056,0.21676999999999996,0.0
0.30682999999999994,6.160056,0.21676999999999996,0.0
0.30682999999999994,6.170056,0.21676999999999996,0.0
0.30682999999999994,6.180056,0.21676999999999996,0.0
0.30682999999999994,6.190056,0.21676999999999996,0.0
0.30682999999999994,6.200056,0.21676999999999996,0.0
0.30682999999999994,6.210056,0.21676999999999996,0.0
0.30682999999999994,6.220056,0.21676999999999996,0.0
0.30682999999999994,6.230056,0.21676999999999996,0.0
0.30682999999999994,6.240056,0.21676999999999996,0.0
0.30682999999999994,6.250056,0.21676999999999996,0.0
0.30682999999999994,6.260056,0.21676999999999996,0.0
0.30682999999999994,6.270056,0.21676999999999996,0.0
0.30682999999999994,6.280056,0.21676999999999996,0.0
0.30682999999999994,6.290056,0.21676999999999996,0.0
0.30682999999999994,6.300056,0.21676999999999996,0.0
0.30682999999999994,6.310056,0.21676999999999996,0.0
0.30682999999999994,6.320056,0.21676999999999996,0.0
0.30682999999999994,6.330056,0.21676999999999996,0.0
0.30682999999999994,6.340056,0.21676999999999996,0.0
0.30682999999999994,6.350056,0.21676999999999996,0.0
0.30682999999999994,6.360056,0.21676999999999996,0.0
0.30682999999999994,6.370056,0.21676999999999996,0.0
0.30682999999999994,6.380056,0.21676999999999996,0.0
0.30682999999999994,6.390056,0.21676999999999996,0.0
0.30682999999999994,6.40006,0.21676999999999996,0.0
0.30682999999999994,6.410056,0.21676999999999996,0.0
0.30682999999999994,6.420056,0.21676999999999996,0.0
0.30682999999999994,6.430056,0.21676999999999996,0.0
0.30682999999999994,6.440056,0.21676999999999996,0.0
0.30682999999999994,6.450056,0.21676999999999996,0.0
0.30682999999999994,6.460056,0.21676999999999996,0.0
0.30682999999999994,6.470056,0.21676999999999996,0.0
0.30682999999999994,6.480056,0.21676999999999996,0.0
0.30682999999999994,6.490056,0.21676999999999996,0.0
0.30682999999999994,6.500056,0.21676999999999996,0.0
0.30682999999999994,6.510056,0.21676999999999996,0.0
0.30682999999999994,6.520056,0.21676999999999996,0.0
0.30682999999999994,6.530056,0.21676999999999996,0.0
0.30682999999999994,6.540056,0.21676999999999996,0.0
0.30682999999999994,6.550056,0.21676999999999996,0.0
0.30682999999999994,6.560056,0.21676999999999996,0.0
0.30682999999999994,6.570056,0.21676999999999996,0.0
0.30682999999999994,6.580056,0.21676999999999996,0.0
0.30682999999999994,6.590056,0.21676999999999996,0.0
0.30682999999999994,6.600056,0.21676999999999996,0.0
0.30682999999999994,6.610056,0.21676999999999996,0.0
0.30682999999999994,6.620056,0.21676999999999996,0.0
0.30682999999999994,6.630056,0.21676999999999996,0.0
0.30682999999999994,6.640056,0.21676999999999996,0.0
0.30682999999999994,6.650056,0.21676999999999996,0.0
0.30682999999999994,6.660056,0.21676999999999996,0.0
0.30682999999999994,6.670056,0.21676999999999996,0.0
0.30682999999999994,6.680056,0.21676999999999996,0.0
0.30682999999999994,6.690056,0.21676999999999996,0.0
0.30682999999999994,6.700056,0.21676999999999996,0.0
0.30682999999999994,6.710056,0.21676999999999996,0.0
0.30682999999999994,6.720056,0.21676999999999996,0.0
0.30682999999999994,6.730056,0.21676999999999996,0.0
0.30682999999999994,6.740056,0.21676999999999996,0.0
0.30682999999999994,6.750056,0.21676999999999996,0.0
0.30682999999999994,6.760056,0.21676999999999996,0.0
0.30682999999999994,6.770056,0.21676999999999996,0.0
0.30682999999999994,6.780056,0.21676999999999996,0.0
0.30682999999999994,6.790056,0.21676999999999996,0.0
0.30682999999999994,6.800056,0.21676999999999996,0.0
0.30682999999999994,6.810056,0.21676999999999996,0.0
0.30682999999999994,6.820056,0.21676999999999996,0.0
0.30682999999999994,6.830056,0.21676999999999996,0.0
0.30682999999999994,6.840056,0.21676999999999996,0.0
0.30682999999999994,6.850056,0.21676999999999996,0.0
0.30682999999999994,6.860056,0.21676999999999996,0.0
0.30682999999999994,6.870056,0.21676999999999996,0.0
0.30682999999999994,6.880056,0.21676999999999996,0.0
0.30682999999999994,6.890056,0.21676999999999996,0.0
0.30682999999999994,6.900056,0.21676999999999996,0.0
0.30682999999999994,6.910056,0.21676999999999996,0.0
0.30682999999999994,6.920056,0.21676999999999996,0.0
0.30682999999999994,6.930056,0.21676999999999996,0.0
0.30682999999999994,6.940056,0.21676999999999996,0.0
0.30682999999999994,6.950056,0.21676999999999996,0.0
0.30682999999999994,6.960056,0.21676999999999996,0.0
0.30682999999999994,6.970056,0.21676999999999996,0.0
0.30682999999999994,6.980056,0.21676999999999996,0.0
0.30682999999999994,6.990056,0.21676999999999996,0.0
0.34173649999999994,7.000056,0.21676999999999996,0.0
0.37546499999999994,7.01008,0.217948,0.0
0.40581599999999995,7.020084,0.22250350000000002,0.0
0.4319259999999999,7.03008,0.23129999999999998,0.0
0.4544229999999999,7.040084,0.24370950000000002,0.0
0.47464249999999986,7.050084,0.2583965000000001,0.0
0.4940764999999999,7.060084,0.2738690000000001,0.0
0.5135104999999999,7.070084,0.28934150000000014,0.0
0.5330229999999999,7.080064,0.30473550000000016,0.0
0.5525354999999998,7.090056,0.3201295000000002,0.0
0.5720479999999999,7.100056,0.3355235000000002,0.0
0.5915604999999998,7.110056,0.3509175000000002,0.0
0.6110729999999999,7.120056,0.3663115000000002,0.0
0.6305854999999999,7.130056,0.3817055000000002,0.0
0.6500979999999998,7.140056,0.39709950000000016,0.0
0.6696104999999999,7.150056,0.4124935000000002,0.0
0.6891229999999999,7.160056,0.42788750000000014,0.0
0.7086354999999999,7.170056,0.44328150000000016,0.0
0.7281479999999999,7.180056,0.4586755000000001,0.0
0.7476604999999998,7.190056,0.4740695000000001,0.0
0.7322664999999998,7.200056,0.48946350000000005,0.0
0.7180504999999999,7.210056,0.5036795,0.0
0.7072119999999998,7.220056,0.5145179999999999,0.0
0.7006144999999999,7.230056,0.5211155,0.0
0.6976299999999999,7.240056,0.5241,0.0
0.6969229999999998,7.250056,0.5248069999999999,0.0
0.6970014999999998,7.260056,0.5247285,0.0
0.6970799999999998,7.270056,0.52465,0.0
0.6970799999999998,7.280056,0.52465,0.0
0.6970799999999998,7.290056,0.52465,0.0
0.6970799999999998,7.300056,0.52465,0.0
0.6970799999999998,7.310056,0.52465,0.0
0.6970799999999998,7.320056,0.52465,0.0
0.6970799999999998,7.330056,0.52465,0.0
0.6970799999999998,7.340056,0.52465,0.0
0.6970799999999998,7.350056,0.52465,0.0
0.6970799999999998,7.360056,0.52465,0.0
0.6970799999999998,7.370056,0.52465,0.0
0.6970799999999998,7.380056,0.52465,0.0
0.6970799999999998,7.390056,0.52465,0.0
0.6970799999999998,7.400056,0.52465,0.0
0.6970799999999998,7.410056,0.52465,0.0
0.6970799999999998,7.420056,0.52465,0.0
0.6970799999999998,7.430056,0.52465,0.0
0.6970799999999998,7.440056,0.52465,0.0
0.6970799999999998,7.450056,0.52465,0.0
0.6970799999999998,7.460056,0.52465,0.0
0.6970799999999998,7.470056,0.52465,0.0
0.6970799999999998,7.480056,0.52465,0.0
0.6970799999999998,7.490056,0.52465,0.0
0.6970799999999998,7.500056,0.52465,0.0
0.6970799999999998,7.510056,0.52465,0.0
0.6970799999999998,7.520056,0.52465,0.0
0.6970799999999998,7.530056,0.52465,0.0
0.6970799999999998,7.540056,0.52465,0.0
0.6970799999999998,7.550056,0.52465,0.0
0.6970799999999998,7.560056,0.52465,0.0
0.6970799999999998,7.570056,0.52465,0.0
0.6970799999999998,7.580056,0.52465,0.0
0.6970799999999998,7.590056,0.52465,0.0
0.6970799999999998,7.600056,0.52465,0.0
0.6970799999999998,7.610056,0.52465,0.0
0.6970799999999998,7.620056,0.52465,0.0
0.6970799999999998,7.630056,0.52465,0.0
0.6970799999999998,7.640056,0.52465,0.0
0.6970799999999998,7.650056,0.52465,0.0
0.6970799999999998,7.660056,0.52465,0.0
0.6970799999999998,7.670056,0.52465,0.0
0.6970799999999998,7.68006,0.52465,0.0
0.6970799999999998,7.690056,0.52465,0.0
0.6970799999999998,7.700056,0.52465,0.0
0.6970799999999998,7.710056,0.52465,0.0
0.6970799999999998,7.720056,0.52465,0.0
0.6970799999999998,7.730056,0.52465,0.0
0.6970799999999998,7.740056,0.52465,0.0
0.6970799999999998,7.750056,0.52465,0.0
0.6970799999999998,7.760056,0.52465,0.0
0.6970799999999998,7.770056,0.52465,0.0
0.6970799999999998,7.780056,0.52465,0.0
0.6970799999999998,7.790056,0.52465,0.0
0.6970799999999998,7.800056,0.52465,0.0
0.6970799999999998,7.810056,0.52465,0.0
0.6970799999999998,7.820056,0.52465,0.0
0.6970799999999998,7.830056,0.52465,0.0
0.6970799999999998,7.840056,0.52465,0.0
0.6970799999999998,7.850056,0.52465,0.0
0.6970799999999998,7.860056,0.52465,0.0
0.6970799999999998,7.870056,0.52465,0.0
0.6970799999999998,7.880056,0.52465,0.0
0.6970799999999998,7.890056,0.52465,0.0
0.6970799999999998,7.900056,0.52465,0.0
0.6970799999999998,7.910056,0.52465,0.0
0.6970799999999998,7.920056,0.52465,0.0
0.6970799999999998,7.930056,0.52465,0.0
0.6970799999999998,7.940056,0.52465,0.0
0.6970799999999998,7.950056,0.52465,0.0
0.6970799999999998,7.960056,0.52465,0.0
0.6970799999999998,7.970056,0.52465,0.0
0.6970799999999998,7.980056,0.52465,0.0
0.6970799999999998,7.990056,0.52465,0.0
0.6970799999999998,8.000056,0.52465,0.0
0.6970799999999998,8.010056,0.52465,0.0
0.6970799999999998,8.020056,0.52465,0.0
0.6970799999999998,8.030056,0.52465,0.0
0.6970799999999998,8.040056,0.52465,0.0
0.6970799999999998,8.050056,0.52465,0.0
0.6970799999999998,8.060056,0.52465,0.0
0.6970799999999998,8.070056,0.52465,0.0
0.6970799999999998,8.080056,0.52465,0.0
0.6970799999999998,8.090056,0.52465,0.0
0.6970799999999998,8.100056,0.52465,0.0
0.6970799999999998,8.110056,0.52465,0.0
0.6970799999999998,8.120056,0.52465,0.0
0.6970799999999998,8.130056,0.52465,0.0
0.6970799999999998,8.140056,0.52465,0.0
0.6970799999999998,8.150056,0.52465,0.0
0.6970799999999998,8.160056,0.52465,0.0
0.6970799999999998,8.170056,0.52465,0.0
0.6970799999999998,8.180056,0.52465,0.0
0.6970799999999998,8.190056,0.52465,0.0
0.6970799999999998,8.200056,0.52465,0.0
0.6970799999999998,8.210056,0.52465,0.0
0.6970799999999998,8.220056,0.52465,0.0
0.6970799999999998,8.230056,0.52465,0.0
0.6970799999999998,8.240056,0.52465,0.0
0.6970799999999998,8.250056,0.52465,0.0
0.6970799999999998,8.260056,0.52465,0.0
0.6970799999999998,8.270056,0.52465,0.0
0.6970799999999998,8.280056,0.52465,0.0
0.6970799999999998,8.290056,0.52465,0.0
0.6970799999999998,8.300056,0.52465,0.0
0.6970799999999998,8.310056,0.52465,0.0
0.6970799999999998,8.32006,0.52465,0.0
0.6970799999999998,8.330056,0.52465,0.0
0.6970799999999998,8.340056,0.52465,0.0
0.6970799999999998,8.350056,0.52465,0.0
0.6970799999999998,8.360056,0.52465,0.0
0.6970799999999998,8.370056,0.52465,0.0
0.6970799999999998,8.380056,0.52465,0.0
0.6970799999999998,8.390056,0.52465,0.0
0.6970799999999998,8.400056,0.52465,0.0
0.6970799999999998,8.410056,0.52465,0.0
0.6970799999999998,8.420056,0.52465,0.0
0.6970799999999998,8.430056,0.52465,0.0
0.6970799999999998,8.440056,0.52465,0.0
0.6970799999999998,8.450056,0.52465,0.0
0.6970799999999998,8.460056,0.52465,0.0
0.6970799999999998,8.470056,0.52465,0.0
0.6970799999999998,8.480056,0.52465,0.0
0.6970799999999998,8.490056,0.52465,0.0
0.6970799999999998,8.500056,0.52465,0.0
0.6970799999999998,8.510056,0.52465,0.0
0.6970799999999998,8.520056,0.52465,0.0
0.6970799999999998,8.530056,0.52465,0.0
0.6970799999999998,8.540056,0.52465,0.0
0.6970799999999998,8.550056,0.52465,0.0
0.6970799999999998,8.560056,0.52465,0.0
0.6970799999999998,8.570056,0.52465,0.0
0.6970799999999998,8.580056,0.52465,0.0
0.6970799999999998,8.590056,0.52465,0.0
0.6970799999999998,8.600056,0.52465,0.0
0.6970799999999998,8.610056,0.52465,0.0
0.6970799999999998,8.620056,0.52465,0.0
0.6970799999999998,8.630056,0.52465,0.0
0.6970799999999998,8.640056,0.52465,0.0
0.6970799999999998,8.650056,0.52465,0.0
0.6970799999999998,8.660056,0.52465,0.0
0.6970799999999998,8.670056,0.52465,0.0
0.6970799999999998,8.680056,0.52465,0.0
0.6970799999999998,8.690056,0.52465,0.0
0.6970799999999998,8.700056,0.52465,0.0
0.6970799999999998,8.710056,0.52465,0.0
0.6970799999999998,8.720056,0.52465,0.0
0.6970799999999998,8.730056,0.52465,0.0
0.6970799999999998,8.740056,0.52465,0.0
0.6970799999999998,8.750056,0.52465,0.0
0.6970799999999998,8.760056,0.52465,0.0
0.6970799999999998,8.770056,0.52465,0.0
0.6970799999999998,8.780056,0.52465,0.0
0.6970799999999998,8.790056,0.52465,0.0
0.6970799999999998,8.800056,0.52465,0.0
0.6970799999999998,8.810056,0.52465,0.0
0.6970799999999998,8.820056,0.52465,0.0
0.6970799999999998,8.830056,0.52465,0.0
0.6970799999999998,8.840056,0.52465,0.0
0.6970799999999998,8.850056,0.52465,0.0
0.6970799999999998,8.860056,0.52465,0.0
0.6970799999999998,8.870056,0.52465,0.0
0.6970799999999998,8.880056,0.52465,0.0
0.6970799999999998,8.890056,0.52465,0.0
0.6970799999999998,8.900056,0.52465,0.0
0.6970799999999998,8.910056,0.52465,0.0
0.6970799999999998,8.920056,0.52465,0.0
0.6970799999999998,8.930056,0.52465,0.0
0.6970799999999998,8.940056,0.52465,0.0
0.6970799999999998,8.950056,0.52465,0.0
0.6970799999999998,8.96006,0.52465,0.0
0.6970799999999998,8.970056,0.52465,0.0
0.6970799999999998,8.980056,0.52465,0.0
0.6970799999999998,8.990056,0.52465,0.0
0.7799629999999999,9.000056,0.52465,0.0
0.8613534999999999,9.010076,0.526142,0.0
0.9382674999999998,9.020084,0.5321109999999999,0.0
1.0087409999999999,9.030084,0.5445199999999999,0.0
1.0730885,9.040084,0.5630549999999999,0.0
1.1332734999999998,9.050084,0.5857529999999999,0.0
1.1914949999999997,9.060084,0.6104144999999999,0.0
1.2491664999999998,9.070088,0.6356254999999998,0.0
1.306838,9.080084,0.6608364999999998,0.0
1.364588,9.090064,0.6859689999999997,0.0
1.4223379999999999,9.100056,0.7111014999999998,0.0
1.480088,9.110056,0.7362339999999998,0.0
1.537838,9.120056,0.7613664999999998,0.0
1.5955880000000002,9.130056,0.786499,0.0
1.6533380000000002,9.140056,0.8116315000000001,0.0
1.7110880000000002,9.150056,0.8367640000000002,0.0
1.7688380000000004,9.160056,0.8618965000000003,0.0
1.8265880000000003,9.170056,0.8870290000000003,0.0
1.8843380000000005,9.180056,0.9121615000000003,0.0
1.9420880000000005,9.190056,0.9372940000000002,0.0
1.9169550000000006,9.200056,0.9624265000000002,0.0
1.8933145000000005,9.210056,0.9860670000000001,0.0
1.8741505000000005,9.220056,1.0052305000000001,0.0
1.8614270000000006,9.230056,1.0179540000000002,0.0
1.8548295000000004,9.240056,1.0245515,0.0
1.8523945000000006,9.250056,1.0269860000000002,0.0
1.8519230000000004,9.260056,1.0274570000000003,0.0
1.8520015000000005,9.270056,1.0273785000000002,0.0
1.8520800000000006,9.280056,1.0273,0.0
1.8520800000000006,9.290056,1.0273,0.0
1.8520800000000006,9.300056,1.0273,0.0
1.8520800000000006,9.310056,1.0273,0.0
1.8520800000000006,9.320056,1.0273,0.0
1.8520800000000006,9.330056,1.0273,0.0
1.8520800000000006,9.340056,1.0273,0.0
1.8520800000000006,9.350056,1.0273,0.0
1.8520800000000006,9.360056,1.0273,0.0
1.8520800000000006,9.370056,1.0273,0.0
1.8520800000000006,9.380056,1.0273,0.0
1.8520800000000006,9.390056,1.0273,0.0
1.8520800000000006,9.400056,1.0273,0.0
1.8520800000000006,9.410056,1.0273,0.0
1.8520800000000006,9.420056,1.0273,0.0
1.8520800000000006,9.430056,1.0273,0.0
1.8520800000000006,9.440056,1.0273,0.0
1.8520800000000006,9.450056,1.0273,0.0
1.8520800000000006,9.460056,1.0273,0.0
1.8520800000000006,9.470056,1.0273,0.0
1.8520800000000006,9.480056,1.0273,0.0
1.8520800000000006,9.490056,1.0273,0.0
1.8520800000000006,9.500056,1.0273,0.0
1.8520800000000006,9.510056,1.0273,0.0
1.8520800000000006,9.520056,1.0273,0.0
1.8520800000000006,9.530056,1.0273,0.0
1.8520800000000006,9.540056,1.0273,0.0
1.8520800000000006,9.550056,1.0273,0.0
1.8520800000000006,9.560056,1.0273,0.0
1.8520800000000006,9.570056,1.0273,0.0
1.8520800000000006,9.580056,1.0273,0.0
1.8520800000000006,9.590056,1.0273,0.0
1.8520800000000006,9.60006,1.0273,0.0
1.8520800000000006,9.610056,1.0273,0.0
1.8520800000000006,9.620056,1.0273,0.0
1.8520800000000006,9.630056,1.0273,0.0
1.8520800000000006,9.640056,1.0273,0.0
1.8520800000000006,9.650056,1.0273,0.0
1.8520800000000006,9.660056,1.0273,0.0
1.8520800000000006,9.670056,1.0273,0.0
1.8520800000000006,9.680056,1.0273,0.0
1.8520800000000006,9.690056,1.0273,0.0
1.8520800000000006,9.700056,1.0273,0.0
1.8520800000000006,9.710056,1.0273,0.0
1.8520800000000006,9.720056,1.0273,0.0
1.8520800000000006,9.730056,1.0273,0.0
1.8520800000000006,9.740056,1.0273,0.0
1.8520800000000006,9.750056,1.0273,0.0
1.8520800000000006,9.760056,1.0273,0.0
1.8520800000000006,9.770056,1.0273,0.0
1.8520800000000006,9.780056,1.0273,0.0
1.8520800000000006,9.790056,1.0273,0.0
1.8520800000000006,9.800056,1.0273,0.0
1.8520800000000006,9.810056,1.0273,0.0
1.8520800000000006,9.820056,1.0273,0.0
1.8520800000000006,9.830056,1.0273,0.0
1.8520800000000006,9.840056,1.0273,0.0
1.8520800000000006,9.850056,1.0273,0.0
1.8520800000000006,9.860056,1.0273,0.0
1.8520800000000006,9.870056,1.0273,0.0
1.8520800000000006,9.880056,1.0273,0.0
1.8520800000000006,9.890056,1.0273,0.0
1.8520800000000006,9.900056,1.0273,0.0
1.8520800000000006,9.910056,1.0273,0.0
1.8520800000000006,9.920056,1.0273,0.0
1.8520800000000006,9.930056,1.0273,0.0
1.8520800000000006,9.940056,1.0273,0.0
1.8520800000000006,9.950056,1.0273,0.0
1.8520800000000006,9.960056,1.0273,0.0
1.8520800000000006,9.970056,1.0273,0.0
1.8520800000000006,9.980056,1.0273,0.0
1.8520800000000006,9.990056,1.0273,0.0
1.8520800000000006,10.000056,1.0273,0.0
1.8520800000000006,10.010056,1.0273,0.0
1.8520800000000006,10.020056,1.0273,0.0
1.8520800000000006,10.030056,1.0273,0.0
1.8520800000000006,10.040056,1.0273,0.0
1.8520800000000006,10.050056,1.0273,0.0
1.8520800000000006,10.060056,1.0273,0.0
1.8520800000000006,10.070056,1.0273,0.0
1.8520800000000006,10.079032,1.0273,0.0
1.8520800000000006,10.089032,1.0273,0.0
1.8520800000000006,10.099032,1.0273,0.0
1.8520800000000006,10.109032,1.0273,0.0
1.8520800000000006,10.119032,1.0273,0.0
1.8520800000000006,10.129032,1.0273,0.0
1.8520800000000006,10.139032,1.0273,0.0
1.8520800000000006,10.149032,1.0273,0.0
1.8520800000000006,10.159032,1.0273,0.0
1.8520800000000006,10.169032,1.0273,0.0
1.8520800000000006,10.179032,1.0273,0.0
1.8520800000000006,10.189032,1.0273,0.0
1.8520800000000006,10.199032,1.0273,0.0
1.8520800000000006,10.209032,1.0273,0.0
1.8520800000000006,10.219032,1.0273,0.0
1.8520800000000006,10.229032,1.0273,0.0
1.8520800000000006,10.239036,1.0273,0.0
1.8520800000000006,10.249032,1.0273,0.0
1.8520800000000006,10.259032,1.0273,0.0
1.8520800000000006,10.269032,1.0273,0.0
1.8520800000000006,10.279032,1.0273,0.0
1.8520800000000006,10.289032,1.0273,0.0
1.8520800000000006,10.299032,1.0273,0.0
1.8520800000000006,10.309032,1.0273,0.0
1.8520800000000006,10.319032,1.0273,0.0
1.8520800000000006,10.329032,1.0273,0.0
1.8520800000000006,10.339032,1.0273,0.0
1.8520800000000006,10.349032,1.0273,0.0
1.8520800000000006,10.359032,1.0273,0.0
1.8520800000000006,10.369032,1.0273,0.0
1.8520800000000006,10.379032,1.0273,0.0
1.8520800000000006,10.389032,1.0273,0.0
1.8520800000000006,10.399032,1.0273,0.0
1.8520800000000006,10.409032,1.0273,0.0
1.8520800000000006,10.419032,1.0273,0.0
1.8520800000000006,10.429032,1.0273,0.0
1.8520800000000006,10.439032,1.0273,0.0
1.8520800000000006,10.449032,1.0273,0.0
1.8520800000000006,10.459032,1.0273,0.0
1.8520800000000006,10.469032,1.0273,0.0
1.8520800000000006,10.479032,1.0273,0.0
1.8520800000000006,10.489032,1.0273,0.0
1.8520800000000006,10.499032,1.0273,0.0
1.8520800000000006,10.509032,1.0273,0.0
1.8520800000000006,10.519032,1.0273,0.0
1.8520800000000006,10.529032,1.0273,0.0
1.8520800000000006,10.539032,1.0273,0.0
1.8520800000000006,10.548008,1.0273,0.0
1.8520800000000006,10.558008,1.0273,0.0
1.8520800000000006,10.568008,1.0273,0.0
1.8520800000000006,10.578008,1.0273,0.0
1.8520800000000006,10.588008,1.0273,0.0
1.8520800000000006,10.598008,1.0273,0.0
1.8520800000000006,10.608008,1.0273,0.0
1.8520800000000006,10.618008,1.0273,0.0
1.8520800000000006,10.628008,1.0273,0.0
1.8520800000000006,10.638008,1.0273,0.0
1.8520800000000006,10.648008,1.0273,0.0
1.8520800000000006,10.658008,1.0273,0.0
1.8520800000000006,10.668008,1.0273,0.0
1.8520800000000006,10.678008,1.0273,0.0
1.8520800000000006,10.688008,1.0273,0.0
1.8520800000000006,10.698008,1.0273,0.0
1.8520800000000006,10.708008,1.0273,0.0
1.8520800000000006,10.716984,1.0273,0.0
1.8520800000000006,10.726984,1.0273,0.0
1.8520800000000006,10.736984,1.0273,0.0
1.8520800000000006,10.746984,1.0273,0.0
1.8520800000000006,10.756984,1.0273,0.0
1.8520800000000006,10.766984,1.0273,0.0
1.8520800000000006,10.776984,1.0273,0.0
1.8520800000000006,10.786984,1.0273,0.0
1.8520800000000006,10.796984,1.0273,0.0
1.8520800000000006,10.806984,1.0273,0.0
1.8520800000000006,10.816984,1.0273,0.0
1.8520800000000006,10.826984,1.0273,0.0
1.8520800000000006,10.836984,1.0273,0.0
1.8520800000000006,10.846984,1.0273,0.0
1.8520800000000006,10.856984,1.0273,0.0
1.8520800000000006,10.866984,1.0273,0.0
1.8520800000000006,10.876988,1.0273,0.0
1.8520800000000006,10.886984,1.0273,0.0
1.8520800000000006,10.896984,1.0273,0.0
1.8520800000000006,10.906984,1.0273,0.0
1.8520800000000006,10.916984,1.0273,0.0
1.8520800000000006,10.926984,1.0273,0.0
1.8520800000000006,10.936984,1.0273,0.0
1.8520800000000006,10.946984,1.0273,0.0
1.8520800000000006,10.956984,1.0273,0.0
1.8520800000000006,10.966984,1.0273,0.0
1.8520800000000006,10.976984,1.0273,0.0
1.8520800000000006,10.986984,1.0273,0.0
1.8520800000000006,10.996984,1.0273,0.0
1.7953775000000005,11.006984,1.0273,0.0
1.7405600000000003,11.017008,1.0254150000000004,0.0
1.6910045000000005,11.027012,1.0182680000000002,0.0
1.6474180000000005,11.037012,1.0051520000000003,0.0
1.6079155000000005,11.047012,0.9879520000000002,0.0
1.5698270000000005,11.057012,0.9693380000000001,0.0
1.5310315000000005,11.067012,0.9514310000000002,0.0
1.4910580000000007,11.077012,0.9347020000000003,0.0
1.4503775000000005,11.087012,0.9186800000000002,0.0
1.4095400000000005,11.096992,0.9028150000000003,0.0
1.3687025000000004,11.106984,0.8869500000000002,0.0
1.3278650000000003,11.116984,0.8710850000000003,0.0
1.2870275000000004,11.126984,0.8552200000000003,0.0
1.2461900000000004,11.136984,0.8393550000000003,0.0
1.2053525000000003,11.146984,0.8234900000000004,0.0
1.1645150000000002,11.156984,0.8076250000000004,0.0
1.1236775,11.166984,0.7917600000000005,0.0
1.0828400000000002,11.176984,0.7758950000000004,0.0
1.0420025000000004,11.18596,0.7600300000000004,0.0
1.0011650000000003,11.19596,0.7441650000000005,0.0
1.0170300000000005,11.20596,0.7283000000000004,0.0
1.0310100000000002,11.21596,0.7143200000000003,0.0
1.0397280000000002,11.22596,0.7056020000000003,0.0
1.0424770000000003,11.23596,0.7028530000000004,0.0
1.0411420000000005,11.24596,0.7041880000000003,0.0
1.0383930000000003,11.25596,0.7069370000000004,0.0
1.0363510000000005,11.26596,0.7089790000000002,0.0
1.0354870000000005,11.27596,0.7098430000000002,0.0
1.0353300000000005,11.28596,0.7100000000000004,0.0
1.0353300000000005,11.29596,0.7100000000000004,0.0
1.0353300000000005,11.30596,0.7100000000000004,0.0
1.0353300000000005,11.31596,0.7100000000000004,0.0
1.0353300000000005,11.32596,0.7100000000000004,0.0
1.0353300000000005,11.33596,0.7100000000000004,0.0
1.0353300000000005,11.34596,0.7100000000000004,0.0
1.0353300000000005,11.354936,0.7100000000000004,0.0
1.0353300000000005,11.364936,0.7100000000000004,0.0
1.0353300000000005,11.374936,0.7100000000000004,0.0
1.0353300000000005,11.384936,0.7100000000000004,0.0
1.0353300000000005,11.394936,0.7100000000000004,0.0
1.0353300000000005,11.404936,0.7100000000000004,0.0
1.0353300000000005,11.414936,0.7100000000000004,0.0
1.0353300000000005,11.424936,0.7100000000000004,0.0
1.0353300000000005,11.434936,0.7100000000000004,0.0
1.0353300000000005,11.444936,0.7100000000000004,0.0
1.0353300000000005,11.454936,0.7100000000000004,0.0
1.0353300000000005,11.464936,0.7100000000000004,0.0
1.0353300000000005,11.474936,0.7100000000000004,0.0
1.0353300000000005,11.484936,0.7100000000000004,0.0
1.0353300000000005,11.494936,0.7100000000000004,0.0
1.0353300000000005,11.504936,0.7100000000000004,0.0
1.0353300000000005,11.51494,0.7100000000000004,0.0
1.0353300000000005,11.524936,0.7100000000000004,0.0
1.0353300000000005,11.534936,0.7100000000000004,0.0
1.0353300000000005,11.544936,0.7100000000000004,0.0
1.0353300000000005,11.554936,0.7100000000000004,0.0
1.0353300000000005,11.564936,0.7100000000000004,0.0
1.0353300000000005,11.574936,0.7100000000000004,0.0
1.0353300000000005,11.584936,0.7100000000000004,0.0
1.0353300000000005,11.594936,0.7100000000000004,0.0
1.0353300000000005,11.604936,0.7100000000000004,0.0
1.0353300000000005,11.614936,0.7100000000000004,0.0
1.0353300000000005,11.624936,0.7100000000000004,0.0
1.0353300000000005,11.634936,0.7100000000000004,0.0
1.0353300000000005,11.644936,0.7100000000000004,0.0
1.0353300000000005,11.654936,0.7100000000000004,0.0
1.0353300000000005,11.664936,0.7100000000000004,0.0
1.0353300000000005,11.674936,0.7100000000000004,0.0
1.0353300000000005,11.684936,0.7100000000000004,0.0
1.0353300000000005,11.694936,0.7100000000000004,0.0
1.0353300000000005,11.704936,0.7100000000000004,0.0
1.0353300000000005,11.714936,0.7100000000000004,0.0
1.0353300000000005,11.724936,0.7100000000000004,0.0
1.0353300000000005,11.734936,0.7100000000000004,0.0
1.0353300000000005,11.744936,0.7100000000000004,0.0
1.0353300000000005,11.754936,0.7100000000000004,0.0
1.0353300000000005,11.764936,0.7100000000000004,0.0
1.0353300000000005,11.774936,0.7100000000000004,0.0
1.0353300000000005,11.784936,0.7100000000000004,0.0
1.0353300000000005,11.794936,0.7100000000000004,0.0
1.0353300000000005,11.804936,0.7100000000000004,0.0
1.0353300000000005,11.814936,0.7100000000000004,0.0
1.0353300000000005,11.823912,0.7100000000000004,0.0
1.0353300000000005,11.833912,0.7100000000000004,0.0
1.0353300000000005,11.843912,0.7100000000000004,0.0
1.0353300000000005,11.853912,0.7100000000000004,0.0
1.0353300000000005,11.863912,0.7100000000000004,0.0
1.0353300000000005,11.873912,0.7100000000000004,0.0
1.0353300000000005,11.883912,0.7100000000000004,0.0
1.0353300000000005,11.893912,0.7100000000000004,0.0
1.0353300000000005,11.903912,0.7100000000000004,0.0
1.0353300000000005,11.913912,0.7100000000000004,0.0
1.0353300000000005,11.923912,0.7100000000000004,0.0
1.0353300000000005,11.933912,0.7100000000000004,0.0
1.0353300000000005,11.943912,0.7100000000000004,0.0
1.0353300000000005,11.953912,0.7100000000000004,0.0
1.0353300000000005,11.963912,0.7100000000000004,0.0
1.0353300000000005,11.973912,0.7100000000000004,0.0
1.0353300000000005,11.983912,0.7100000000000004,0.0
1.0353300000000005,11.992888,0.7100000000000004,0.0
1.0353300000000005,12.002888,0.7100000000000004,0.0
1.0353300000000005,12.012888,0.7100000000000004,0.0
1.0353300000000005,12.022888,0.7100000000000004,0.0
1.0353300000000005,12.032888,0.7100000000000004,0.0
1.0353300000000005,12.042888,0.7100000000000004,0.0
1.0353300000000005,12.052888,0.7100000000000004,0.0
1.0353300000000005,12.062888,0.7100000000000004,0.0
1.0353300000000005,12.072888,0.7100000000000004,0.0
1.0353300000000005,12.082888,0.7100000000000004,0.0
1.0353300000000005,12.092888,0.7100000000000004,0.0
1.0353300000000005,12.102888,0.7100000000000004,0.0
1.0353300000000005,12.112888,0.7100000000000004,0.0
1.0353300000000005,12.122888,0.7100000000000004,0.0
1.0353300000000005,12.132888,0.7100000000000004,0.0
1.0353300000000005,12.142888,0.7100000000000004,0.0
1.0353300000000005,12.152892,0.7100000000000004,0.0
1.0353300000000005,12.162888,0.7100000000000004,0.0
1.0353300000000005,12.172888,0.7100000000000004,0.0
1.0353300000000005,12.182888,0.7100000000000004,0.0
1.0353300000000005,12.192888,0.7100000000000004,0.0
1.0353300000000005,12.202888,0.7100000000000004,0.0
1.0353300000000005,12.212888,0.7100000000000004,0.0
1.0353300000000005,12.222888,0.7100000000000004,0.0
1.0353300000000005,12.232888,0.7100000000000004,0.0
1.0353300000000005,12.242888,0.7100000000000004,0.0
1.0353300000000005,12.252888,0.7100000000000004,0.0
1.0353300000000005,12.262888,0.7100000000000004,0.0
1.0353300000000005,12.272888,0.7100000000000004,0.0
1.0353300000000005,12.282888,0.7100000000000004,0.0
1.0353300000000005,12.292888,0.7100000000000004,0.0
1.0353300000000005,12.302888,0.7100000000000004,0.0
1.0353300000000005,12.312888,0.7100000000000004,0.0
1.0353300000000005,12.322888,0.7100000000000004,0.0
1.0353300000000005,12.332888,0.7100000000000004,0.0
1.0353300000000005,12.342888,0.7100000000000004,0.0
1.0353300000000005,12.352888,0.7100000000000004,0.0
1.0353300000000005,12.362888,0.7100000000000004,0.0
1.0353300000000005,12.372888,0.7100000000000004,0.0
1.0353300000000005,12.382888,0.7100000000000004,0.0
1.0353300000000005,12.392888,0.7100000000000004,0.0
1.0353300000000005,12.402888,0.7100000000000004,0.0
1.0353300000000005,12.412888,0.7100000000000004,0.0
1.0353300000000005,12.422888,0.7100000000000004,0.0
1.0353300000000005,12.432888,0.7100000000000004,0.0
1.0353300000000005,12.442888,0.7100000000000004,0.0
1.0353300000000005,12.452888,0.7100000000000004,0.0
1.0353300000000005,12.461864,0.7100000000000004,0.0
1.0353300000000005,12.471864,0.7100000000000004,0.0
1.0353300000000005,12.481864,0.7100000000000004,0.0
1.0353300000000005,12.491864,0.7100000000000004,0.0
1.0353300000000005,12.501864,0.7100000000000004,0.0
1.0353300000000005,12.511864,0.7100000000000004,0.0
1.0353300000000005,12.521864,0.7100000000000004,0.0
1.0353300000000005,12.531864,0.7100000000000004,0.0
1.0353300000000005,12.541864,0.7100000000000004,0.0
1.0353300000000005,12.551864,0.7100000000000004,0.0
1.0353300000000005,12.561864,0.7100000000000004,0.0
1.0353300000000005,12.571864,0.7100000000000004,0.0
1.0353300000000005,12.581864,0.7100000000000004,0.0
1.0353300000000005,12.591864,0.7100000000000004,0.0
1.0353300000000005,12.601864,0.7100000000000004,0.0
1.0353300000000005,12.611864,0.7100000000000004,0.0
1.0353300000000005,12.621864,0.7100000000000004,0.0
1.0353300000000005,12.63084,0.7100000000000004,0.0
1.0353300000000005,12.64084,0.7100000000000004,0.0
1.0353300000000005,12.65084,0.7100000000000004,0.0
1.0353300000000005,12.66084,0.7100000000000004,0.0
1.0353300000000005,12.67084,0.7100000000000004,0.0
1.0353300000000005,12.68084,0.7100000000000004,0.0
1.0353300000000005,12.69084,0.7100000000000004,0.0
1.0353300000000005,12.70084,0.7100000000000004,0.0
1.0353300000000005,12.71084,0.7100000000000004,0.0
1.0353300000000005,12.72084,0.7100000000000004,0.0
1.0353300000000005,12.73084,0.7100000000000004,0.0
1.0353300000000005,12.74084,0.7100000000000004,0.0
1.0353300000000005,12.75084,0.7100000000000004,0.0
1.0353300000000005,12.76084,0.7100000000000004,0.0
1.0353300000000005,12.77084,0.7100000000000004,0.0
1.0353300000000005,12.78084,0.7100000000000004,0.0
1.0353300000000005,12.790844,0.7100000000000004,0.0
1.0353300000000005,12.80084,0.7100000000000004,0.0
1.0353300000000005,12.81084,0.7100000000000004,0.0
1.0353300000000005,12.82084,0.7100000000000004,0.0
1.0353300000000005,12.83084,0.7100000000000004,0.0
1.0353300000000005,12.84084,0.7100000000000004,0.0
1.0353300000000005,12.85084,0.7100000000000004,0.0
1.0353300000000005,12.86084,0.7100000000000004,0.0
1.0353300000000005,12.87084,0.7100000000000004,0.0
1.0353300000000005,12.88084,0.7100000000000004,0.0
1.0353300000000005,12.89084,0.7100000000000004,0.0
1.0353300000000005,12.90084,0.7100000000000004,0.0
1.0353300000000005,12.91084,0.7100000000000004,0.0
1.0353300000000005,12.92084,0.7100000000000004,0.0
1.0353300000000005,12.93084,0.7100000000000004,0.0
1.0353300000000005,12.94084,0.7100000000000004,0.0
1.0353300000000005,12.95084,0.7100000000000004,0.0
1.0353300000000005,12.96084,0.7100000000000004,0.0
1.0353300000000005,12.97084,0.7100000000000004,0.0
1.0353300000000005,12.98084,0.7100000000000004,0.0
1.0353300000000005,12.99084,0.7100000000000004,0.0
1.218589500000001,13.00084,0.7100000000000004,0.0
1.399728500000001,13.01086,0.7121205000000004,0.0
1.5752910000000016,13.020868,0.7198175000000004,0.0
1.7430780000000015,13.030868,0.7352900000000004,0.0
1.9030110000000016,13.040868,0.7586165000000005,0.0
2.0568965000000015,13.050868,0.7879905000000005,0.0
2.207012000000001,13.059844,0.8211345000000005,0.0
2.355085500000001,13.069844,0.8563205000000006,0.0
2.502059500000001,13.079844,0.8926060000000006,0.0
2.6484840000000007,13.08984,0.9294410000000005,0.0
2.7944370000000007,13.098816,0.9667475000000003,0.0
2.939762000000001,13.10882,1.0046820000000005,0.0
3.0839870000000005,13.118824,1.0437165000000004,0.0
3.2266415000000004,13.128824,1.0843215000000004,0.0
3.3675680000000003,13.138824,1.1266545000000006,0.0
3.506845,13.14882,1.1706370000000004,0.0
3.6448655,13.15882,1.2158760000000004,0.0
3.7817865,13.168824,1.2622145000000002,0.0
3.917294,13.17882,1.3099665000000003,0.0
4.0512305,13.18882,1.3592895000000003,0.0
4.0003364999999995,13.19882,1.4101835000000003,0.0
3.950071,13.20882,1.4604490000000003,0.0
3.9040470000000003,13.218824,1.5064730000000002,0.0
3.8645415,13.2278,1.5459785000000001,0.0
3.8317120000000005,13.2378,1.5788080000000002,0.0
3.8037520000000002,13.247812,1.606768,0.0
3.7783055,13.2578,1.6322145,0.0
3.753644,13.266776,1.6568760000000002,0.0
3.728904,13.276776,1.681616,0.0
3.703614,13.286776,1.706906,0.0
3.6776175,13.296776,1.7329025000000002,0.0
3.6511495,13.306776,1.7593705000000002,0.0
3.624839,13.316772,1.785681,0.0
3.599235,13.326768,1.8112849999999998,0.0
3.5744950000000006,13.336768,1.8360249999999998,0.0
3.5503834999999997,13.346768,1.8601364999999999,0.0
3.526429,13.356768,1.8840909999999997,0.0
3.502553,13.366768,1.9079669999999997,0.0
3.4792265,13.376768,1.9312934999999998,0.0
3.4566855,13.386768,1.9538344999999997,0.0
3.4348515,13.395744,1.9756685000000003,0.0
3.413803,13.405748,1.996717,0.0
3.3936965000000003,13.415748,2.0168235,0.0
3.3745329999999996,13.425752,2.0359870000000004,0.0
3.3562335000000005,13.435748,2.0542865000000003,0.0
3.3387190000000007,13.445748,2.0718010000000002,0.0
3.3220685000000003,13.455748,2.0884515000000006,0.0
3.3064394999999998,13.465748,2.1040805000000002,0.0
3.2919095,13.475728,2.1186105000000004,0.0
3.2784790000000004,13.48572,2.132041,0.0
3.266148,13.495744,2.144372,0.0
3.2547595000000005,13.505752,2.1557605,0.0
3.2440780000000005,13.515748,2.1664419999999995,0.0
3.2338680000000006,13.525748,2.176652,0.0
3.223893500000001,13.535744,2.1866265000000005,0.0
3.214154500000001,13.545744,2.1963655,0.0
3.204729500000001,13.555744,2.2057905000000004,0.0
3.195540500000001,13.56472,2.2149795,0.0
3.1865085000000004,13.574724,2.2240115000000005,0.0
3.1778695000000003,13.584724,2.232651,0.0
3.1700155,13.594704,2.240505,0.0
3.1627895,13.60472,2.2477310000000004,0.0
3.1558780000000004,13.614704,2.2546425000000005,0.0
3.1491235,13.62472,2.2613970000000005,0.0
3.142369,13.634724,2.2681515000000005,0.0
3.1354575000000002,13.644724,2.2750630000000007,0.0
3.128153,13.65472,2.2823675000000003,0.0
3.120456,13.66472,2.2900645000000006,0.0
3.1125240000000005,13.674724,2.2979970000000005,0.0
3.1045130000000007,13.684704,2.3060080000000003,0.0
3.0965805,13.694696,2.3139405000000006,0.0
3.0888050000000007,13.704696,2.3217160000000003,0.0
3.0811865000000003,13.71472,2.3293345000000003,0.0
3.0738035000000004,13.724724,2.3367175000000002,0.0
3.0668135,13.7337,2.3437075000000003,0.0
3.060295,13.7437,2.350226,0.0
3.0542475,13.7537,2.3562735,0.0
3.048828,13.76368,2.3616930000000003,0.0
3.044037,13.773696,2.366484,0.0
3.03956,13.78368,2.3709605,0.0
3.035162,13.793672,2.3753585000000004,0.0
3.0308425,13.803672,2.3796779999999997,0.0
3.026523,13.813696,2.3839975000000004,0.0
3.022282,13.82368,2.3882385,0.0
3.018355,13.833672,2.3921655000000004,0.0
3.014978,13.843672,2.3955425,0.0
3.012308,13.853696,2.3982124999999996,0.0
3.0101875000000002,13.862656,2.400333,0.0
3.008381,13.872648,2.402139,0.0
3.0066535,13.882648,2.4038665000000004,0.0
3.0048475000000003,13.892672,2.4056725,0.0
3.0029630000000003,13.901632,2.407557,0.0
3.0010785,13.911648,2.4094420000000003,0.0
2.9992720000000004,13.921632,2.4112485,0.0
2.9976225000000003,13.931648,2.4128980000000007,0.0
2.9959730000000007,13.941652,2.4145475000000007,0.0
2.9940885000000006,13.951652,2.416432500000001,0.0
2.9916540000000005,13.961652,2.4188670000000005,0.0
2.9885910000000004,13.971652,2.4219300000000006,0.0
2.9849780000000004,13.981652,2.4255430000000007,0.0
2.9808155000000003,13.991652,2.4297055000000007,0.0
2.9761815000000005,14.001652,2.4343395,0.0
2.9713905000000005,14.011632,2.4391305000000005,0.0
2.9666780000000004,14.021624,2.4438430000000007,0.0
2.9618870000000004,14.030624,2.448634,0.0
2.9570175000000005,14.040608,2.4535035000000005,0.0
2.9522265,14.0506,2.4582945000000005,0.0
2.9475140000000004,14.060604,2.4630070000000006,0.0
2.9428015000000003,14.0706,2.4677195000000003,0.0
2.9380890000000006,14.0806,2.4724320000000004,0.0
2.9334550000000004,14.0906,2.4770660000000007,0.0
2.9288995000000004,14.1006,2.4816215000000006,0.0
2.9244225000000004,14.1106,2.486098,0.0
2.9200245000000007,14.1206,2.4904960000000003,0.0
2.915705000000001,14.1306,2.4948155000000005,0.0
2.911699500000001,14.1406,2.498821000000001,0.0
2.908243500000001,14.1506,2.5022765000000007,0.0
2.905494500000001,14.1606,2.505025500000001,0.0
2.903452500000001,14.1706,2.507067500000001,0.0
2.902039000000001,14.1806,2.5084810000000015,0.0
2.901175000000001,14.1906,2.5093450000000015,0.0
2.9007825000000014,14.199576,2.5097375000000017,0.0
2.900625500000001,14.209576,2.5098945000000015,0.0
2.900468500000001,14.219576,2.5100515000000017,0.0
2.900390000000001,14.229576,2.510130000000002,0.0
2.900390000000001,14.239576,2.510130000000002,0.0
2.900390000000001,14.249576,2.510130000000002,0.0
2.900390000000001,14.259576,2.510130000000002,0.0
2.900390000000001,14.269576,2.510130000000002,0.0
2.900390000000001,14.279576,2.510130000000002,0.0
2.900390000000001,14.289576,2.510130000000002,0.0
2.900390000000001,14.299576,2.510130000000002,0.0
2.900390000000001,14.309576,2.510130000000002,0.0
2.900390000000001,14.319576,2.510130000000002,0.0
2.900390000000001,14.329576,2.510130000000002,0.0
2.900390000000001,14.339576,2.510130000000002,0.0
2.900390000000001,14.349576,2.510130000000002,0.0
2.900390000000001,14.359576,2.510130000000002,0.0
2.900390000000001,14.368552,2.510130000000002,0.0
2.900390000000001,14.378552,2.510130000000002,0.0
2.900390000000001,14.388552,2.510130000000002,0.0
2.900390000000001,14.398552,2.510130000000002,0.0
2.900390000000001,14.408552,2.510130000000002,0.0
2.900390000000001,14.418552,2.510130000000002,0.0
2.900390000000001,14.428552,2.510130000000002,0.0
2.900390000000001,14.438552,2.510130000000002,0.0
2.900390000000001,14.448552,2.510130000000002,0.0
2.900390000000001,14.458552,2.510130000000002,0.0
2.900390000000001,14.468552,2.510130000000002,0.0
2.900390000000001,14.478552,2.510130000000002,0.0
2.900390000000001,14.488552,2.510130000000002,0.0
2.900390000000001,14.498552,2.510130000000002,0.0
2.900390000000001,14.508552,2.510130000000002,0.0
2.900390000000001,14.518552,2.510130000000002,0.0
2.900390000000001,14.528552,2.510130000000002,0.0
2.900390000000001,14.537528,2.510130000000002,0.0
2.900390000000001,14.547528,2.510130000000002,0.0
2.900390000000001,14.557528,2.510130000000002,0.0
2.900390000000001,14.567528,2.510130000000002,0.0
2.900390000000001,14.577528,2.510130000000002,0.0
2.900390000000001,14.587528,2.510130000000002,0.0
2.900390000000001,14.597528,2.510130000000002,0.0
2.900390000000001,14.607528,2.510130000000002,0.0
2.900390000000001,14.617528,2.510130000000002,0.0
2.900390000000001,14.627528,2.510130000000002,0.0
2.900390000000001,14.637528,2.510130000000002,0.0
2.900390000000001,14.647528,2.510130000000002,0.0
2.900390000000001,14.657528,2.510130000000002,0.0
2.900390000000001,14.667528,2.510130000000002,0.0
2.900390000000001,14.677528,2.510130000000002,0.0
2.900390000000001,14.687528,2.510130000000002,0.0
2.900390000000001,14.697532,2.510130000000002,0.0
2.900390000000001,14.707528,2.510130000000002,0.0
2.900390000000001,14.717528,2.510130000000002,0.0
2.900390000000001,14.727528,2.510130000000002,0.0
2.900390000000001,14.737528,2.510130000000002,0.0
2.900390000000001,14.747528,2.510130000000002,0.0
2.900390000000001,14.757528,2.510130000000002,0.0
2.900390000000001,14.767528,2.510130000000002,0.0
2.900390000000001,14.777528,2.510130000000002,0.0
2.900390000000001,14.787528,2.510130000000002,0.0
2.900390000000001,14.797528,2.510130000000002,0.0
2.900390000000001,14.807528,2.510130000000002,0.0
2.900390000000001,14.817528,2.510130000000002,0.0
2.900390000000001,14.827528,2.510130000000002,0.0
2.900390000000001,14.836504,2.510130000000002,0.0
2.900390000000001,14.846504,2.510130000000002,0.0
2.900390000000001,14.856504,2.510130000000002,0.0
2.900390000000001,14.866504,2.510130000000002,0.0
2.900390000000001,14.876504,2.510130000000002,0.0
2.900390000000001,14.886504,2.510130000000002,0.0
2.900390000000001,14.896504,2.510130000000002,0.0
2.900390000000001,14.906504,2.510130000000002,0.0
2.900390000000001,14.916504,2.510130000000002,0.0
2.900390000000001,14.926504,2.510130000000002,0.0
2.900390000000001,14.936504,2.510130000000002,0.0
2.900390000000001,14.946504,2.510130000000002,0.0
2.900390000000001,14.956504,2.510130000000002,0.0
2.900390000000001,14.966504,2.510130000000002,0.0
2.900390000000001,14.976504,2.510130000000002,0.0
2.900390000000001,14.986504,2.510130000000002,0.0
2.900390000000001,14.996504,2.510130000000002,0.0
2.8305770000000012,15.00548,2.510130000000002,0.0
2.763277000000001,15.015504,2.507616500000001,0.0
2.702182000000001,15.025508,2.4988985000000015,0.0
2.647605500000001,15.035508,2.483662000000001,0.0
2.597270000000001,15.045512,2.4641840000000013,0.0
2.548191500000001,15.055512,2.4434495000000016,0.0
2.4980920000000006,15.065508,2.4237360000000012,0.0
2.446421500000001,15.075508,2.4055935000000015,0.0
2.393337500000001,15.085508,2.3888645000000013,0.0
2.3393110000000004,15.095508,2.373078000000001,0.0
2.2850485000000003,15.105488,2.357527000000001,0.0
2.230786,15.11548,2.341976000000001,0.0
2.1765235,15.12548,2.3264250000000013,0.0
2.122261,15.13548,2.3108740000000005,0.0
2.0679985,15.14548,2.2953230000000007,0.0
2.0137359999999997,15.15548,2.279772,0.0
1.9594734999999996,15.16548,2.264221,0.0
1.9052109999999995,15.174456,2.2486699999999997,0.0
1.8509484999999999,15.184456,2.233119,0.0
1.7966859999999998,15.194456,2.2175679999999995,0.0
1.8122365,15.204456,2.2020169999999992,0.0
1.825274,15.214456,2.1889795,0.0
1.8321064999999999,15.224456,2.1821464999999995,0.0
1.8324205,15.234456,2.1818319999999995,0.0
1.8284934999999998,15.244456,2.1857589999999996,0.0
1.8233095,15.254456,2.1909425,0.0
1.8191464999999998,15.264456,2.1951049999999994,0.0
1.8165544999999998,15.274456,2.1976964999999997,0.0
1.8153759999999999,15.284456,2.1988745,0.0
1.81514,15.294456,2.19911,0.0
1.81514,15.304456,2.19911,0.0
1.81514,15.314456,2.19911,0.0
1.81514,15.324456,2.19911,0.0
1.81514,15.33446,2.19911,0.0
1.81514,15.344456,2.19911,0.0
1.81514,15.354456,2.19911,0.0
1.81514,15.364456,2.19911,0.0
1.81514,15.374456,2.19911,0.0
1.81514,15.384456,2.19911,0.0
1.81514,15.394456,2.19911,0.0
1.81514,15.404456,2.19911,0.0
1.81514,15.414456,2.19911,0.0
1.81514,15.424456,2.19911,0.0
1.81514,15.434456,2.19911,0.0
1.81514,15.444456,2.19911,0.0
1.81514,15.454456,2.19911,0.0
1.81514,15.464456,2.19911,0.0
1.81514,15.473432,2.19911,0.0
1.81514,15.483432,2.19911,0.0
1.81514,15.493432,2.19911,0.0
1.81514,15.503432,2.19911,0.0
1.81514,15.513432,2.19911,0.0
1.81514,15.523432,2.19911,0.0
1.81514,15.533432,2.19911,0.0
1.81514,15.543432,2.19911,0.0
1.81514,15.553432,2.19911,0.0
1.81514,15.563432,2.19911,0.0
1.81514,15.573432,2.19911,0.0
1.81514,15.583432,2.19911,0.0
1.81514,15.593432,2.19911,0.0
1.81514,15.603432,2.19911,0.0
1.81514,15.613432,2.19911,0.0
1.81514,15.623432,2.19911,0.0
1.81514,15.633432,2.19911,0.0
1.81514,15.642408,2.19911,0.0
1.81514,15.652408,2.19911,0.0
1.81514,15.662408,2.19911,0.0
1.81514,15.672408,2.19911,0.0
1.81514,15.682408,2.19911,0.0
1.81514,15.692408,2.19911,0.0
1.81514,15.702408,2.19911,0.0
1.81514,15.712408,2.19911,0.0
1.81514,15.722408,2.19911,0.0
1.81514,15.732408,2.19911,0.0
1.81514,15.742408,2.19911,0.0
1.81514,15.752408,2.19911,0.0
1.81514,15.762408,2.19911,0.0
1.81514,15.772408,2.19911,0.0
1.81514,15.782408,2.19911,0.0
1.81514,15.792408,2.19911,0.0
1.81514,15.802408,2.19911,0.0
1.81514,15.811384,2.19911,0.0
1.81514,15.821384,2.19911,0.0
1.81514,15.831384,2.19911,0.0
1.81514,15.841384,2.19911,0.0
1.81514,15.851384,2.19911,0.0
1.81514,15.861384,2.19911,0.0
1.81514,15.871384,2.19911,0.0
1.81514,15.881384,2.19911,0.0
1.81514,15.891384,2.19911,0.0
1.81514,15.901384,2.19911,0.0
1.81514,15.911384,2.19911,0.0
1.81514,15.921384,2.19911,0.0
1.81514,15.931384,2.19911,0.0
1.81514,15.941384,2.19911,0.0
1.81514,15.951384,2.19911,0.0
1.81514,15.961384,2.19911,0.0
1.81514,15.971388,2.19911,0.0
1.81514,15.981384,2.19911,0.0
1.81514,15.991384,2.19911,0.0
1.81514,16.001384,2.19911,0.0
1.81514,16.011384,2.19911,0.0
1.81514,16.021384,2.19911,0.0
1.81514,16.031384,2.19911,0.0
1.81514,16.041384,2.19911,0.0
1.81514,16.051384,2.19911,0.0
1.81514,16.061384,2.19911,0.0
1.81514,16.071384,2.19911,0.0
1.81514,16.081384,2.19911,0.0
1.81514,16.091384,2.19911,0.0
1.81514,16.101384,2.19911,0.0
1.81514,16.11036,2.19911,0.0
1.81514,16.12036,2.19911,0.0
1.81514,16.13036,2.19911,0.0
1.81514,16.14036,2.19911,0.0
1.81514,16.15036,2.19911,0.0
1.81514,16.16036,2.19911,0.0
1.81514,16.17036,2.19911,0.0
1.81514,16.18036,2.19911,0.0
1.81514,16.19036,2.19911,0.0
1.81514,16.20036,2.19911,0.0
1.81514,16.21036,2.19911,0.0
1.81514,16.22036,2.19911,0.0
1.81514,16.23036,2.19911,0.0
1.81514,16.24036,2.19911,0.0
1.81514,16.25036,2.19911,0.0
1.81514,16.26036,2.19911,0.0
1.81514,16.27036,2.19911,0.0
1.81514,16.279336,2.19911,0.0
1.81514,16.289336,2.19911,0.0
1.81514,16.299336,2.19911,0.0
1.81514,16.309336,2.19911,0.0
1.81514,16.319336,2.19911,0.0
1.81514,16.329336,2.19911,0.0
1.81514,16.339336,2.19911,0.0
1.81514,16.349336,2.19911,0.0
1.81514,16.359336,2.19911,0.0
1.81514,16.369336,2.19911,0.0
1.81514,16.379336,2.19911,0.0
1.81514,16.389336,2.19911,0.0
1.81514,16.399336,2.19911,0.0
1.81514,16.409336,2.19911,0.0
1.81514,16.419336,2.19911,0.0
1.81514,16.429336,2.19911,0.0
1.81514,16.439336,2.19911,0.0
1.81514,16.448312,2.19911,0.0
1.81514,16.458312,2.19911,0.0
1.81514,16.468312,2.19911,0.0
1.81514,16.478312,2.19911,0.0
1.81514,16.488312,2.19911,0.0
1.81514,16.498312,2.19911,0.0
1.81514,16.508312,2.19911,0.0
1.81514,16.518312,2.19911,0.0
1.81514,16.528312,2.19911,0.0
1.81514,16.538312,2.19911,0.0
1.81514,16.548312,2.19911,0.0
1.81514,16.558312,2.19911,0.0
1.81514,16.568312,2.19911,0.0
1.81514,16.578312,2.19911,0.0
1.81514,16.588312,2.19911,0.0
1.81514,16.598312,2.19911,0.0
1.81514,16.608316,2.19911,0.0
1.81514,16.618312,2.19911,0.0
1.81514,16.628312,2.19911,0.0
1.81514,16.638312,2.19911,0.0
1.81514,16.648312,2.19911,0.0
1.81514,16.658312,2.19911,0.0
1.81514,16.668312,2.19911,0.0
1.81514,16.678312,2.19911,0.0
1.81514,16.688312,2.19911,0.0
1.81514,16.698312,2.19911,0.0
1.81514,16.708312,2.19911,0.0
1.81514,16.718312,2.19911,0.0
1.81514,16.728312,2.19911,0.0
1.81514,16.738312,2.19911,0.0
1.81514,16.747288,2.19911,0.0
1.81514,16.757288,2.19911,0.0
1.81514,16.767288,2.19911,0.0
1.81514,16.777288,2.19911,0.0
1.81514,16.787288,2.19911,0.0
1.81514,16.797288,2.19911,0.0
1.81514,16.807288,2.19911,0.0
1.81514,16.817288,2.19911,0.0
1.81514,16.827288,2.19911,0.0
1.81514,16.837288,2.19911,0.0
1.81514,16.847288,2.19911,0.0
1.81514,16.857288,2.19911,0.0
1.81514,16.867288,2.19911,0.0
1.81514,16.877288,2.19911,0.0
1.81514,16.887288,2.19911,0.0
1.81514,16.897288,2.19911,0.0
1.81514,16.907288,2.19911,0.0
1.81514,16.916264,2.19911,0.0
1.81514,16.926264,2.19911,0.0
1.81514,16.936264,2.19911,0.0
1.81514,16.946264,2.19911,0.0
1.81514,16.956264,2.19911,0.0
1.81514,16.966264,2.19911,0.0
1.81514,16.976264,2.19911,0.0
1.81514,16.986264,2.19911,0.0
1.81514,16.996264,2.19911,0.0
1.6536974999999998,17.006264,2.19911,0.0
1.4938254999999998,17.016284,2.1975395,0.0
1.3396084999999998,17.026292,2.190314,0.0
1.1948949999999998,17.036292,2.1735849999999997,0.0
1.0596059999999998,17.045268,2.1474314999999997,0.0
0.9299719999999999,17.055268,2.115623,0.0
0.801987,17.06526,2.082165,0.0
0.673531,17.075264,2.0491784999999996,0.0
0.544368,17.084244,2.016899,0.0
0.4149695,17.094224,1.984855,0.0
0.285571,17.104216,1.9528109999999999,0.0
0.15617250000000002,17.114216,1.9207670000000001,0.0
0.026774000000000055,17.124216,1.8887230000000004,0.0
-0.1026245,17.134216,1.8566790000000002,0.0
-0.23202300000000006,17.144216,1.8246350000000005,0.0
-0.36142150000000006,17.154216,1.7925910000000007,0.0
-0.4908200000000001,17.164216,1.7605470000000008,0.0
-0.6202185000000002,17.174216,1.7285030000000008,0.0
-0.7496170000000003,17.184216,1.6964590000000008,0.0
-0.8790155000000003,17.194216,1.6644150000000009,0.0
-0.8469715000000003,17.204216,1.6323710000000007,0.0
-0.8164980000000004,17.214216,1.6018975000000009,0.0
-0.7916795000000004,17.224216,1.5770790000000006,0.0
-0.7763645000000003,17.234216,1.5617640000000006,0.0
-0.7704740000000003,17.24422,1.5558735000000006,0.0
-0.7702385000000004,17.254216,1.5556380000000005,0.0
-0.7716520000000003,17.264216,1.5570520000000005,0.0
-0.7725945000000003,17.274216,1.5579945000000006,0.0
-0.7728300000000004,17.284216,1.558230000000001,0.0
-0.7728300000000004,17.294216,1.558230000000001,0.0
-0.7728300000000004,17.304216,1.558230000000001,0.0
-0.7728300000000004,17.314216,1.558230000000001,0.0
-0.7728300000000004,17.324216,1.558230000000001,0.0
-0.7728300000000004,17.334216,1.558230000000001,0.0
-0.7728300000000004,17.344216,1.558230000000001,0.0
-0.7728300000000004,17.354216,1.558230000000001,0.0
-0.7728300000000004,17.364216,1.558230000000001,0.0
-0.7728300000000004,17.374216,1.558230000000001,0.0
-0.7728300000000004,17.383192,1.558230000000001,0.0
-0.7728300000000004,17.393192,1.558230000000001,0.0
-0.7728300000000004,17.403192,1.558230000000001,0.0
-0.7728300000000004,17.413192,1.558230000000001,0.0
-0.7728300000000004,17.423192,1.558230000000001,0.0
-0.7728300000000004,17.433192,1.558230000000001,0.0
-0.7728300000000004,17.443192,1.558230000000001,0.0
-0.7728300000000004,17.453192,1.558230000000001,0.0
-0.7728300000000004,17.463192,1.558230000000001,0.0
-0.7728300000000004,17.473192,1.558230000000001,0.0
-0.7728300000000004,17.483192,1.558230000000001,0.0
-0.7728300000000004,17.493192,1.558230000000001,0.0
-0.7728300000000004,17.503192,1.558230000000001,0.0
-0.7728300000000004,17.513192,1.558230000000001,0.0
-0.7728300000000004,17.523192,1.558230000000001,0.0
-0.7728300000000004,17.533192,1.558230000000001,0.0
-0.7728300000000004,17.543192,1.558230000000001,0.0
-0.7728300000000004,17.552168,1.558230000000001,0.0
-0.7728300000000004,17.562168,1.558230000000001,0.0
-0.7728300000000004,17.572168,1.558230000000001,0.0
-0.7728300000000004,17.582168,1.558230000000001,0.0
-0.7728300000000004,17.592168,1.558230000000001,0.0
-0.7728300000000004,17.602168,1.558230000000001,0.0
-0.7728300000000004,17.612168,1.558230000000001,0.0
-0.7728300000000004,17.622168,1.558230000000001,0.0
-0.7728300000000004,17.632168,1.558230000000001,0.0
-0.7728300000000004,17.642168,1.558230000000001,0.0
-0.7728300000000004,17.652168,1.558230000000001,0.0
-0.7728300000000004,17.662168,1.558230000000001,0.0
-0.7728300000000004,17.672168,1.558230000000001,0.0
-0.7728300000000004,17.682168,1.558230000000001,0.0
-0.7728300000000004,17.692168,1.558230000000001,0.0
-0.7728300000000004,17.702168,1.558230000000001,0.0
-0.7728300000000004,17.712168,1.558230000000001,0.0
-0.7728300000000004,17.721144,1.558230000000001,0.0
-0.7728300000000004,17.731144,1.558230000000001,0.0
-0.7728300000000004,17.741144,1.558230000000001,0.0
-0.7728300000000004,17.751144,1.558230000000001,0.0
-0.7728300000000004,17.761144,1.558230000000001,0.0
-0.7728300000000004,17.771144,1.558230000000001,0.0
-0.7728300000000004,17.781144,1.558230000000001,0.0
-0.7728300000000004,17.791144,1.558230000000001,0.0
-0.7728300000000004,17.801144,1.558230000000001,0.0
-0.7728300000000004,17.811144,1.558230000000001,0.0
-0.7728300000000004,17.821144,1.558230000000001,0.0
-0.7728300000000004,17.831144,1.558230000000001,0.0
-0.7728300000000004,17.841144,1.558230000000001,0.0
-0.7728300000000004,17.851144,1.558230000000001,0.0
-0.7728300000000004,17.861144,1.558230000000001,0.0
-0.7728300000000004,17.871144,1.558230000000001,0.0
-0.7728300000000004,17.881148,1.558230000000001,0.0
-0.7728300000000004,17.891144,1.558230000000001,0.0
-0.7728300000000004,17.901144,1.558230000000001,0.0
-0.7728300000000004,17.911144,1.558230000000001,0.0
-0.7728300000000004,17.921144,1.558230000000001,0.0
-0.7728300000000004,17.931144,1.558230000000001,0.0
-0.7728300000000004,17.941144,1.558230000000001,0.0
-0.7728300000000004,17.951144,1.558230000000001,0.0
-0.7728300000000004,17.961144,1.558230000000001,0.0
-0.7728300000000004,17.971144,1.558230000000001,0.0
-0.7728300000000004,17.981144,1.558230000000001,0.0
-0.7728300000000004,17.991144,1.558230000000001,0.0
-0.7728300000000004,18.001144,1.558230000000001,0.0
-0.7728300000000004,18.011144,1.558230000000001,0.0
-0.7728300000000004,18.02012,1.558230000000001,0.0
-0.7728300000000004,18.03012,1.558230000000001,0.0
-0.7728300000000004,18.04012,1.558230000000001,0.0
-0.7728300000000004,18.05012,1.558230000000001,0.0
-0.7728300000000004,18.06012,1.558230000000001,0.0
-0.7728300000000004,18.07012,1.558230000000001,0.0
-0.7728300000000004,18.08012,1.558230000000001,0.0
-0.7728300000000004,18.09012,1.558230000000001,0.0
-0.7728300000000004,18.10012,1.558230000000001,0.0
-0.7728300000000004,18.11012,1.558230000000001,0.0
-0.7728300000000004,18.12012,1.558230000000001,0.0
-0.7728300000000004,18.13012,1.558230000000001,0.0
-0.7728300000000004,18.14012,1.558230000000001,0.0
-0.7728300000000004,18.15012,1.558230000000001,0.0
-0.7728300000000004,18.16012,1.558230000000001,0.0
-0.7728300000000004,18.17012,1.558230000000001,0.0
-0.7728300000000004,18.18012,1.558230000000001,0.0
-0.7728300000000004,18.189096,1.558230000000001,0.0
-0.7728300000000004,18.199096,1.558230000000001,0.0
-0.7728300000000004,18.209096,1.558230000000001,0.0
-0.7728300000000004,18.219096,1.558230000000001,0.0
-0.7728300000000004,18.229096,1.558230000000001,0.0
-0.7728300000000004,18.239096,1.558230000000001,0.0
-0.7728300000000004,18.249096,1.558230000000001,0.0
-0.7728300000000004,18.259096,1.558230000000001,0.0
-0.7728300000000004,18.269096,1.558230000000001,0.0
-0.7728300000000004,18.279096,1.558230000000001,0.0
-0.7728300000000004,18.289096,1.558230000000001,0.0
-0.7728300000000004,18.299096,1.558230000000001,0.0
-0.7728300000000004,18.309096,1.558230000000001,0.0
-0.7728300000000004,18.319096,1.558230000000001,0.0
-0.7728300000000004,18.329096,1.558230000000001,0.0
-0.7728300000000004,18.339096,1.558230000000001,0.0
-0.7728300000000004,18.349096,1.558230000000001,0.0
-0.7728300000000004,18.358072,1.558230000000001,0.0
-0.7728300000000004,18.368072,1.558230000000001,0.0
-0.7728300000000004,18.378072,1.558230000000001,0.0
-0.7728300000000004,18.388072,1.558230000000001,0.0
-0.7728300000000004,18.398072,1.558230000000001,0.0
-0.7728300000000004,18.408072,1.558230000000001,0.0
-0.7728300000000004,18.418072,1.558230000000001,0.0
-0.7728300000000004,18.428072,1.558230000000001,0.0
-0.7728300000000004,18.438072,1.558230000000001,0.0
-0.7728300000000004,18.448072,1.558230000000001,0.0
-0.7728300000000004,18.458072,1.558230000000001,0.0
-0.7728300000000004,18.468072,1.558230000000001,0.0
-0.7728300000000004,18.478072,1.558230000000001,0.0
-0.7728300000000004,18.488072,1.558230000000001,0.0
-0.7728300000000004,18.498072,1.558230000000001,0.0
-0.7728300000000004,18.508072,1.558230000000001,0.0
-0.7728300000000004,18.518076,1.558230000000001,0.0
-0.7728300000000004,18.528072,1.558230000000001,0.0
-0.7728300000000004,18.538072,1.558230000000001,0.0
-0.7728300000000004,18.548072,1.558230000000001,0.0
-0.7728300000000004,18.558072,1.558230000000001,0.0
-0.7728300000000004,18.568072,1.558230000000001,0.0
-0.7728300000000004,18.578072,1.558230000000001,0.0
-0.7728300000000004,18.588072,1.558230000000001,0.0
-0.7728300000000004,18.598072,1.558230000000001,0.0
-0.7728300000000004,18.608072,1.558230000000001,0.0
-0.7728300000000004,18.618072,1.558230000000001,0.0
-0.7728300000000004,18.628072,1.558230000000001,0.0
-0.7728300000000004,18.638072,1.558230000000001,0.0
-0.7728300000000004,18.648072,1.558230000000001,0.0
-0.7728300000000004,18.657048,1.558230000000001,0.0
-0.7728300000000004,18.667048,1.558230000000001,0.0
-0.7728300000000004,18.677048,1.558230000000001,0.0
-0.7728300000000004,18.687048,1.558230000000001,0.0
-0.7728300000000004,18.697048,1.558230000000001,0.0
-0.7728300000000004,18.707048,1.558230000000001,0.0
-0.7728300000000004,18.717048,1.558230000000001,0.0
-0.7728300000000004,18.727048,1.558230000000001,0.0
-0.7728300000000004,18.737048,1.558230000000001,0.0
-0.7728300000000004,18.747048,1.558230000000001,0.0
-0.7728300000000004,18.757048,1.558230000000001,0.0
-0.7728300000000004,18.767048,1.558230000000001,0.0
-0.7728300000000004,18.777048,1.558230000000001,0.0
-0.7728300000000004,18.787048,1.558230000000001,0.0
-0.7728300000000004,18.797048,1.558230000000001,0.0
-0.7728300000000004,18.807048,1.558230000000001,0.0
-0.7728300000000004,18.817048,1.558230000000001,0.0
-0.7728300000000004,18.826024,1.558230000000001,0.0
-0.7728300000000004,18.836024,1.558230000000001,0.0
-0.7728300000000004,18.846024,1.558230000000001,0.0
-0.7728300000000004,18.856024,1.558230000000001,0.0
-0.7728300000000004,18.866024,1.558230000000001,0.0
-0.7728300000000004,18.876024,1.558230000000001,0.0
-0.7728300000000004,18.886024,1.558230000000001,0.0
-0.7728300000000004,18.896024,1.558230000000001,0.0
-0.7728300000000004,18.906024,1.558230000000001,0.0
-0.7728300000000004,18.916024,1.558230000000001,0.0
-0.7728300000000004,18.926024,1.558230000000001,0.0
-0.7728300000000004,18.936024,1.558230000000001,0.0
-0.7728300000000004,18.946024,1.558230000000001,0.0
-0.7728300000000004,18.956024,1.558230000000001,0.0
-0.7728300000000004,18.966024,1.558230000000001,0.0
-0.7728300000000004,18.976024,1.558230000000001,0.0
-0.7728300000000004,18.986024,1.558230000000001,0.0
-0.7728300000000004,18.995,1.558230000000001,0.0
-0.6812000000000004,19.005,1.558230000000001,0.0
-0.5908270000000002,19.015024,1.559486500000001,0.0
-0.5047735000000001,19.025028,1.565062500000001,0.0
-0.425003,19.035028,1.5769220000000008,0.0
-0.35073050000000006,19.045028,1.5942790000000011,0.0
-0.279521,19.055028,1.614699000000001,0.0
-0.209097,19.065008,1.635904500000001,0.0
-0.13843750000000002,19.07502,1.6568745000000007,0.0
-0.06754200000000002,19.085008,1.6776090000000008,0.0
0.0033534999999999984,19.095,1.6983435000000005,0.0
0.07424900000000001,19.105,1.7190780000000006,0.0
0.1451445,19.115,1.7398125000000002,0.0
0.21604,19.125,1.760547,0.0
0.2869355,19.135,1.7812815000000002,0.0
0.357831,19.145,1.802016,0.0
0.4287265,19.155004,1.8227505000000002,0.0
0.499622,19.165,1.8434850000000003,0.0
0.5705175000000001,19.175,1.8642195000000001,0.0
0.6414130000000001,19.185,1.8849539999999998,0.0
0.7123085000000001,19.195,1.9056885000000001,0.0
0.6915740000000001,19.205,1.9264230000000002,0.0
0.6720965000000001,19.215,1.945901,0.0
0.6569385000000001,19.225,1.9610595000000002,0.0
0.6480635000000001,19.235,1.9699345000000001,0.0
0.6446865000000002,19.245,1.973312,0.0
0.6443725000000001,19.255,1.9736265,0.0
0.6448440000000001,19.265,1.9731555,0.0
0.6450800000000001,19.275,1.97292,0.0
0.6450800000000001,19.285,1.97292,0.0
0.6450800000000001,19.293976,1.97292,0.0
0.6450800000000001,19.303976,1.97292,0.0
0.6450800000000001,19.313976,1.97292,0.0
0.6450800000000001,19.323976,1.97292,0.0
0.6450800000000001,19.333976,1.97292,0.0
0.6450800000000001,19.343976,1.97292,0.0
0.6450800000000001,19.353976,1.97292,0.0
0.6450800000000001,19.363976,1.97292,0.0
0.6450800000000001,19.373976,1.97292,0.0
0.6450800000000001,19.383976,1.97292,0.0
0.6450800000000001,19.393976,1.97292,0.0
0.6450800000000001,19.403976,1.97292,0.0
0.6450800000000001,19.413976,1.97292,0.0
0.6450800000000001,19.423976,1.97292,0.0
0.6450800000000001,19.433976,1.97292,0.0
0.6450800000000001,19.443976,1.97292,0.0
0.6450800000000001,19.453976,1.97292,0.0
0.6450800000000001,19.462952,1.97292,0.0
0.6450800000000001,19.472952,1.97292,0.0
0.6450800000000001,19.482952,1.97292,0.0
0.6450800000000001,19.492952,1.97292,0.0
0.6450800000000001,19.502952,1.97292,0.0
0.6450800000000001,19.512952,1.97292,0.0
0.6450800000000001,19.522952,1.97292,0.0
0.6450800000000001,19.532952,1.97292,0.0
0.6450800000000001,19.542952,1.97292,0.0
0.6450800000000001,19.552952,1.97292,0.0
0.6450800000000001,19.562952,1.97292,0.0
0.6450800000000001,19.572952,1.97292,0.0
0.6450800000000001,19.582952,1.97292,0.0
0.6450800000000001,19.592952,1.97292,0.0
0.6450800000000001,19.602952,1.97292,0.0
0.6450800000000001,19.612952,1.97292,0.0
0.6450800000000001,19.622952,1.97292,0.0
0.6450800000000001,19.631928,1.97292,0.0
0.6450800000000001,19.641928,1.97292,0.0
0.6450800000000001,19.651928,1.97292,0.0
0.6450800000000001,19.661928,1.97292,0.0
0.6450800000000001,19.671928,1.97292,0.0
0.6450800000000001,19.681928,1.97292,0.0
0.6450800000000001,19.691928,1.97292,0.0
0.6450800000000001,19.701928,1.97292,0.0
0.6450800000000001,19.711928,1.97292,0.0
0.6450800000000001,19.721928,1.97292,0.0
0.6450800000000001,19.731928,1.97292,0.0
0.6450800000000001,19.741928,1.97292,0.0
0.6450800000000001,19.751928,1.97292,0.0
0.6450800000000001,19.761928,1.97292,0.0
0.6450800000000001,19.771928,1.97292,0.0
0.6450800000000001,19.781928,1.97292,0.0
0.6450800000000001,19.791932,1.97292,0.0
0.6450800000000001,19.801928,1.97292,0.0
0.6450800000000001,19.811928,1.97292,0.0
0.6450800000000001,19.821928,1.97292,0.0
0.6450800000000001,19.831928,1.97292,0.0
0.6450800000000001,19.841928,1.97292,0.0
0.6450800000000001,19.851928,1.97292,0.0
0.6450800000000001,19.861928,1.97292,0.0
0.6450800000000001,19.871928,1.97292,0.0
0.6450800000000001,19.881928,1.97292,0.0
0.6450800000000001,19.891928,1.97292,0.0
0.6450800000000001,19.901928,1.97292,0.0
0.6450800000000001,19.911928,1.97292,0.0
0.6450800000000001,19.921928,1.97292,0.0
0.6450800000000001,19.930904,1.97292,0.0
0.6450800000000001,19.940904,1.97292,0.0
0.6450800000000001,19.950904,1.97292,0.0
0.6450800000000001,19.960904,1.97292,0.0
0.6450800000000001,19.970904,1.97292,0.0
0.6450800000000001,19.980904,1.97292,0.0
0.6450800000000001,19.990904,1.97292,0.0
0.6450800000000001,20.000904,1.97292,0.0
0.6450800000000001,20.010904,1.97292,0.0
0.6450800000000001,20.020904,1.97292,0.0
0.6450800000000001,20.030904,1.97292,0.0
0.6450800000000001,20.040904,1.97292,0.0
0.6450800000000001,20.050904,1.97292,0.0
0.6450800000000001,20.060904,1.97292,0.0
0.6450800000000001,20.070904,1.97292,0.0
0.6450800000000001,20.080904,1.97292,0.0
0.6450800000000001,20.090904,1.97292,0.0
0.6450800000000001,20.09988,1.97292,0.0
0.6450800000000001,20.10988,1.97292,0.0
0.6450800000000001,20.11988,1.97292,0.0
0.6450800000000001,20.12988,1.97292,0.0
0.6450800000000001,20.13988,1.97292,0.0
0.6450800000000001,20.14988,1.97292,0.0
0.6450800000000001,20.15988,1.97292,0.0
0.6450800000000001,20.16988,1.97292,0.0
0.6450800000000001,20.17988,1.97292,0.0
0.6450800000000001,20.18988,1.97292,0.0
0.6450800000000001,20.19988,1.97292,0.0
0.6450800000000001,20.20988,1.97292,0.0
0.6450800000000001,20.21988,1.97292,0.0
0.6450800000000001,20.22988,1.97292,0.0
0.6450800000000001,20.23988,1.97292,0.0
0.6450800000000001,20.24988,1.97292,0.0
0.6450800000000001,20.25988,1.97292,0.0
0.6450800000000001,20.268856,1.97292,0.0
0.6450800000000001,20.278856,1.97292,0.0
0.6450800000000001,20.288856,1.97292,0.0
0.6450800000000001,20.298856,1.97292,0.0
0.6450800000000001,20.308856,1.97292,0.0
0.6450800000000001,20.318856,1.97292,0.0
0.6450800000000001,20.328856,1.97292,0.0
0.6450800000000001,20.338856,1.97292,0.0
0.6450800000000001,20.348856,1.97292,0.0
0.6450800000000001,20.358856,1.97292,0.0
0.6450800000000001,20.368856,1.97292,0.0
0.6450800000000001,20.378856,1.97292,0.0
0.6450800000000001,20.388856,1.97292,0.0
0.6450800000000001,20.398856,1.97292,0.0
0.6450800000000001,20.408856,1.97292,0.0
0.6450800000000001,20.418856,1.97292,0.0
0.6450800000000001,20.42886,1.97292,0.0
0.6450800000000001,20.438856,1.97292,0.0
0.6450800000000001,20.448856,1.97292,0.0
0.6450800000000001,20.458856,1.97292,0.0
0.6450800000000001,20.468856,1.97292,0.0
0.6450800000000001,20.478856,1.97292,0.0
0.6450800000000001,20.488856,1.97292,0.0
0.6450800000000001,20.498856,1.97292,0.0
0.6450800000000001,20.508856,1.97292,0.0
0.6450800000000001,20.518856,1.97292,0.0
0.6450800000000001,20.528856,1.97292,0.0
0.6450800000000001,20.538856,1.97292,0.0
0.6450800000000001,20.548856,1.97292,0.0
0.6450800000000001,20.558856,1.97292,0.0
0.6450800000000001,20.567832,1.97292,0.0
0.6450800000000001,20.577832,1.97292,0.0
0.6450800000000001,20.587832,1.97292,0.0
0.6450800000000001,20.597832,1.97292,0.0
0.6450800000000001,20.607832,1.97292,0.0
0.6450800000000001,20.617832,1.97292,0.0
0.6450800000000001,20.627832,1.97292,0.0
0.6450800000000001,20.637832,1.97292,0.0
0.6450800000000001,20.647832,1.97292,0.0
0.6450800000000001,20.657832,1.97292,0.0
0.6450800000000001,20.667832,1.97292,0.0
0.6450800000000001,20.677832,1.97292,0.0
0.6450800000000001,20.687832,1.97292,0.0
0.6450800000000001,20.697832,1.97292,0.0
0.6450800000000001,20.707832,1.97292,0.0
0.6450800000000001,20.717832,1.97292,0.0
0.6450800000000001,20.727832,1.97292,0.0
0.6450800000000001,20.736808,1.97292,0.0
0.6450800000000001,20.746808,1.97292,0.0
0.6450800000000001,20.756808,1.97292,0.0
0.6450800000000001,20.766808,1.97292,0.0
0.6450800000000001,20.776808,1.97292,0.0
0.6450800000000001,20.786808,1.97292,0.0
0.6450800000000001,20.796808,1.97292,0.0
0.6450800000000001,20.806808,1.97292,0.0
0.6450800000000001,20.816808,1.97292,0.0
0.6450800000000001,20.826808,1.97292,0.0
0.6450800000000001,20.836808,1.97292,0.0
0.6450800000000001,20.846808,1.97292,0.0
0.6450800000000001,20.856808,1.97292,0.0
0.6450800000000001,20.866808,1.97292,0.0
0.6450800000000001,20.876808,1.97292,0.0
0.6450800000000001,20.886808,1.97292,0.0
0.6450800000000001,20.896808,1.97292,0.0
0.6450800000000001,20.905784,1.97292,0.0
0.6450800000000001,20.915784,1.97292,0.0
0.6450800000000001,20.925784,1.97292,0.0
0.6450800000000001,20.935784,1.97292,0.0
0.6450800000000001,20.945784,1.97292,0.0
0.6450800000000001,20.955784,1.97292,0.0
0.6450800000000001,20.965784,1.97292,0.0
0.6450800000000001,20.975784,1.97292,0.0
0.6450800000000001,20.985784,1.97292,0.0
0.6450800000000001,20.995784,1.97292,0.0
0.7497995000000001,21.005784,1.97292,0.0
0.8520060000000002,21.015804,1.9754329999999998,0.0
0.9484005,21.025812,1.9837579999999997,0.0
1.037726,21.034788,1.9991515,0.0
1.12014,21.044788,2.0214565,0.0
1.1976060000000002,21.054788,2.0487095,0.0
1.2725590000000002,21.064792,2.078476,0.0
1.346491,21.074788,2.1092635000000004,0.0
1.4201875,21.084792,2.1402865000000006,0.0
1.4939625,21.094768,2.1712310000000006,0.0
1.5677375,21.10476,2.2021755000000005,0.0
1.6415125000000002,21.11476,2.233120000000001,0.0
1.7152874999999999,21.12476,2.264064500000001,0.0
1.7890624999999998,21.13476,2.2950090000000007,0.0
1.8628374999999995,21.14476,2.3259535000000007,0.0
1.9366124999999998,21.15476,2.3568980000000006,0.0
2.0103874999999998,21.16476,2.387842500000001,0.0
2.0841624999999993,21.17476,2.418787000000001,0.0
2.157937499999999,21.18476,2.449731500000001,0.0
2.231712499999999,21.19476,2.480676000000001,0.0
2.2007679999999996,21.203736,2.511620500000001,0.0
2.1723364999999992,21.213736,2.540052000000001,0.0
2.149716999999999,21.223736,2.5626715000000004,0.0
2.134166499999999,21.233736,2.5782225000000007,0.0
2.125527499999999,21.243736,2.586862000000001,0.0
2.1218364999999992,21.253736,2.590553500000001,0.0
2.1206584999999993,21.263736,2.5917315000000003,0.0
2.120501499999999,21.273736,2.5918885000000005,0.0
2.1205799999999995,21.283736,2.5918100000000006,0.0
2.1205799999999995,21.293736,2.5918100000000006,0.0
2.1205799999999995,21.303736,2.5918100000000006,0.0
2.1205799999999995,21.313736,2.5918100000000006,0.0
2.1205799999999995,21.323736,2.5918100000000006,0.0
2.1205799999999995,21.333736,2.5918100000000006,0.0
2.1205799999999995,21.343736,2.5918100000000006,0.0
2.1205799999999995,21.353736,2.5918100000000006,0.0
2.1205799999999995,21.363736,2.5918100000000006,0.0
2.1205799999999995,21.372712,2.5918100000000006,0.0
2.1205799999999995,21.382712,2.5918100000000006,0.0
2.1205799999999995,21.392712,2.5918100000000006,0.0
2.1205799999999995,21.402712,2.5918100000000006,0.0
2.1205799999999995,21.412712,2.5918100000000006,0.0
2.1205799999999995,21.422712,2.5918100000000006,0.0
2.1205799999999995,21.432712,2.5918100000000006,0.0
2.1205799999999995,21.442712,2.5918100000000006,0.0
2.1205799999999995,21.452712,2.5918100000000006,0.0
2.1205799999999995,21.462712,2.5918100000000006,0.0
2.1205799999999995,21.472712,2.5918100000000006,0.0
2.1205799999999995,21.482712,2.5918100000000006,0.0
2.1205799999999995,21.492712,2.5918100000000006,0.0
2.1205799999999995,21.502712,2.5918100000000006,0.0
2.1205799999999995,21.512712,2.5918100000000006,0.0
2.1205799999999995,21.522712,2.5918100000000006,0.0
2.1205799999999995,21.532712,2.5918100000000006,0.0
2.1205799999999995,21.541688,2.5918100000000006,0.0
2.1205799999999995,21.551688,2.5918100000000006,0.0
2.1205799999999995,21.561688,2.5918100000000006,0.0
2.1205799999999995,21.571688,2.5918100000000006,0.0
2.1205799999999995,21.581688,2.5918100000000006,0.0
2.1205799999999995,21.591688,2.5918100000000006,0.0
2.1205799999999995,21.601688,2.5918100000000006,0.0
2.1205799999999995,21.611688,2.5918100000000006,0.0
2.1205799999999995,21.621688,2.5918100000000006,0.0
2.1205799999999995,21.631688,2.5918100000000006,0.0
2.1205799999999995,21.641688,2.5918100000000006,0.0
2.1205799999999995,21.651688,2.5918100000000006,0.0
2.1205799999999995,21.661688,2.5918100000000006,0.0
2.1205799999999995,21.670664,2.5918100000000006,0.0
2.1205799999999995,21.680664,2.5918100000000006,0.0
2.1205799999999995,21.690664,2.5918100000000006,0.0
2.1205799999999995,21.700668,2.5918100000000006,0.0
2.1205799999999995,21.710664,2.5918100000000006,0.0
2.1205799999999995,21.720664,2.5918100000000006,0.0
2.1205799999999995,21.730664,2.5918100000000006,0.0
2.1205799999999995,21.740664,2.5918100000000006,0.0
2.1205799999999995,21.750664,2.5918100000000006,0.0
2.1205799999999995,21.760664,2.5918100000000006,0.0
2.1205799999999995,21.770664,2.5918100000000006,0.0
2.1205799999999995,21.780664,2.5918100000000006,0.0
2.1205799999999995,21.790664,2.5918100000000006,0.0
2.1205799999999995,21.800664,2.5918100000000006,0.0
2.1205799999999995,21.810664,2.5918100000000006,0.0
2.1205799999999995,21.820664,2.5918100000000006,0.0
2.1205799999999995,21.830664,2.5918100000000006,0.0
2.1205799999999995,21.83964,2.5918100000000006,0.0
2.1205799999999995,21.84964,2.5918100000000006,0.0
2.1205799999999995,21.85964,2.5918100000000006,0.0
2.1205799999999995,21.86964,2.5918100000000006,0.0
2.1205799999999995,21.87964,2.5918100000000006,0.0
2.1205799999999995,21.88964,2.5918100000000006,0.0
2.1205799999999995,21.89964,2.5918100000000006,0.0
2.1205799999999995,21.90964,2.5918100000000006,0.0
2.1205799999999995,21.91964,2.5918100000000006,0.0
2.1205799999999995,21.92964,2.5918100000000006,0.0
2.1205799999999995,21.93964,2.5918100000000006,0.0
2.1205799999999995,21.94964,2.5918100000000006,0.0
2.1205799999999995,21.95964,2.5918100000000006,0.0
2.1205799999999995,21.96964,2.5918100000000006,0.0
2.1205799999999995,21.97964,2.5918100000000006,0.0
2.1205799999999995,21.98964,2.5918100000000006,0.0
2.1205799999999995,21.99964,2.5918100000000006,0.0
2.1205799999999995,22.008616,2.5918100000000006,0.0
2.1205799999999995,22.018616,2.5918100000000006,0.0
2.1205799999999995,22.028616,2.5918100000000006,0.0
2.1205799999999995,22.038616,2.5918100000000006,0.0
2.1205799999999995,22.048616,2.5918100000000006,0.0
2.1205799999999995,22.058616,2.5918100000000006,0.0
2.1205799999999995,22.068616,2.5918100000000006,0.0
2.1205799999999995,22.078616,2.5918100000000006,0.0
2.1205799999999995,22.088616,2.5918100000000006,0.0
2.1205799999999995,22.098616,2.5918100000000006,0.0
2.1205799999999995,22.108616,2.5918100000000006,0.0
2.1205799999999995,22.118616,2.5918100000000006,0.0
2.1205799999999995,22.128616,2.5918100000000006,0.0
2.1205799999999995,22.138616,2.5918100000000006,0.0
2.1205799999999995,22.148616,2.5918100000000006,0.0
2.1205799999999995,22.158616,2.5918100000000006,0.0
2.1205799999999995,22.168616,2.5918100000000006,0.0
2.1205799999999995,22.177592,2.5918100000000006,0.0
2.1205799999999995,22.187592,2.5918100000000006,0.0
2.1205799999999995,22.197592,2.5918100000000006,0.0
2.1205799999999995,22.207592,2.5918100000000006,0.0
2.1205799999999995,22.217592,2.5918100000000006,0.0
2.1205799999999995,22.227592,2.5918100000000006,0.0
2.1205799999999995,22.237592,2.5918100000000006,0.0
2.1205799999999995,22.247592,2.5918100000000006,0.0
2.1205799999999995,22.257592,2.5918100000000006,0.0
2.1205799999999995,22.267592,2.5918100000000006,0.0
2.1205799999999995,22.277592,2.5918100000000006,0.0
2.1205799999999995,22.287592,2.5918100000000006,0.0
2.1205799999999995,22.297592,2.5918100000000006,0.0
2.1205799999999995,22.306568,2.5918100000000006,0.0
2.1205799999999995,22.316568,2.5918100000000006,0.0
2.1205799999999995,22.326568,2.5918100000000006,0.0
2.1205799999999995,22.336572,2.5918100000000006,0.0
2.1205799999999995,22.346568,2.5918100000000006,0.0
2.1205799999999995,22.356568,2.5918100000000006,0.0
2.1205799999999995,22.366568,2.5918100000000006,0.0
2.1205799999999995,22.376568,2.5918100000000006,0.0
2.1205799999999995,22.386568,2.5918100000000006,0.0
2.1205799999999995,22.396568,2.5918100000000006,0.0
2.1205799999999995,22.406568,2.5918100000000006,0.0
2.1205799999999995,22.416568,2.5918100000000006,0.0
2.1205799999999995,22.426568,2.5918100000000006,0.0
2.1205799999999995,22.436568,2.5918100000000006,0.0
2.1205799999999995,22.446568,2.5918100000000006,0.0
2.1205799999999995,22.456568,2.5918100000000006,0.0
2.1205799999999995,22.466568,2.5918100000000006,0.0
2.1205799999999995,22.475544,2.5918100000000006,0.0
2.1205799999999995,22.485544,2.5918100000000006,0.0
2.1205799999999995,22.495544,2.5918100000000006,0.0
2.1205799999999995,22.505544,2.5918100000000006,0.0
2.1205799999999995,22.515544,2.5918100000000006,0.0
2.1205799999999995,22.525544,2.5918100000000006,0.0
2.1205799999999995,22.535544,2.5918100000000006,0.0
2.1205799999999995,22.545544,2.5918100000000006,0.0
2.1205799999999995,22.555544,2.5918100000000006,0.0
2.1205799999999995,22.565544,2.5918100000000006,0.0
2.1205799999999995,22.575544,2.5918100000000006,0.0
2.1205799999999995,22.585544,2.5918100000000006,0.0
2.1205799999999995,22.595544,2.5918100000000006,0.0
2.1205799999999995,22.605544,2.5918100000000006,0.0
2.1205799999999995,22.615544,2.5918100000000006,0.0
2.1205799999999995,22.625544,2.5918100000000006,0.0
2.1205799999999995,22.635544,2.5918100000000006,0.0
2.1205799999999995,22.64452,2.5918100000000006,0.0
2.1205799999999995,22.65452,2.5918100000000006,0.0
2.1205799999999995,22.66452,2.5918100000000006,0.0
2.1205799999999995,22.67452,2.5918100000000006,0.0
2.1205799999999995,22.68452,2.5918100000000006,0.0
2.1205799999999995,22.69452,2.5918100000000006,0.0
2.1205799999999995,22.70452,2.5918100000000006,0.0
2.1205799999999995,22.71452,2.5918100000000006,0.0
2.1205799999999995,22.72452,2.5918100000000006,0.0
2.1205799999999995,22.73452,2.5918100000000006,0.0
2.1205799999999995,22.74452,2.5918100000000006,0.0
2.1205799999999995,22.75452,2.5918100000000006,0.0
2.1205799999999995,22.76452,2.5918100000000006,0.0
2.1205799999999995,22.77452,2.5918100000000006,0.0
2.1205799999999995,22.78452,2.5918100000000006,0.0
2.1205799999999995,22.79452,2.5918100000000006,0.0
2.1205799999999995,22.80452,2.5918100000000006,0.0
2.1205799999999995,22.813496,2.5918100000000006,0.0
2.1205799999999995,22.823496,2.5918100000000006,0.0
2.1205799999999995,22.833496,2.5918100000000006,0.0
2.1205799999999995,22.843496,2.5918100000000006,0.0
2.1205799999999995,22.853496,2.5918100000000006,0.0
2.1205799999999995,22.863496,2.5918100000000006,0.0
2.1205799999999995,22.873496,2.5918100000000006,0.0
2.1205799999999995,22.883496,2.5918100000000006,0.0
2.1205799999999995,22.893496,2.5918100000000006,0.0
2.1205799999999995,22.903496,2.5918100000000006,0.0
2.1205799999999995,22.913496,2.5918100000000006,0.0
2.1205799999999995,22.923496,2.5918100000000006,0.0
2.1205799999999995,22.933496,2.5918100000000006,0.0
2.1205799999999995,22.942472,2.5918100000000006,0.0
2.1205799999999995,22.952472,2.5918100000000006,0.0
2.1205799999999995,22.962472,2.5918100000000006,0.0
2.1205799999999995,22.972476,2.5918100000000006,0.0
2.1205799999999995,22.982472,2.5918100000000006,0.0
2.1205799999999995,22.992472,2.5918100000000006,0.0
1.9024134999999998,23.002472,2.5918100000000006,0.0
1.685661,23.012496,2.5903965000000007,0.0
1.4745630000000003,23.0225,2.583328000000001,0.0
1.2723400000000002,23.0325,2.567384500000001,0.0
1.0790710000000003,23.0425,2.5424875000000013,0.0
0.8916135000000001,23.052504,2.5117785000000015,0.0
0.7055700000000003,23.062508,2.479656000000001,0.0
0.5188195000000001,23.0725,2.448240000000001,0.0
0.33120500000000014,23.0825,2.417688000000001,0.0
0.1433550000000001,23.09248,2.3873720000000005,0.0
-0.04441649999999995,23.102496,2.3569770000000005,0.0
-0.23210949999999989,23.111456,2.3265035000000007,0.0
-0.41980249999999997,23.121448,2.2960300000000005,0.0
-0.6074955,23.131448,2.2655565,0.0
-0.7951885,23.141448,2.2350830000000004,0.0
-0.9828815,23.151448,2.2046095,0.0
-1.1705744999999999,23.161448,2.1741360000000003,0.0
-1.3582675,23.171448,2.1436625000000005,0.0
-1.5459605,23.181448,2.113189,0.0
-1.7336535000000002,23.191448,2.0827155000000004,0.0
-1.7031800000000001,23.201448,2.052242,0.0
-1.6741205,23.211448,2.0231820000000003,0.0
-1.6507154999999998,23.221448,1.9997770000000004,0.0
-1.6361854999999998,23.231448,1.9852470000000002,0.0
-1.6306094999999996,23.241448,1.9796705000000003,0.0
-1.6308449999999999,23.251448,1.9799060000000002,0.0
-1.6324944999999997,23.261448,1.9815550000000002,0.0
-1.6334369999999998,23.271448,1.9824975000000002,0.0
-1.6335154999999997,23.280424,1.9825760000000003,0.0
-1.6333584999999997,23.290424,1.9824185000000005,0.0
-1.6332799999999996,23.300424,1.9823400000000004,0.0
-1.6332799999999996,23.310424,1.9823400000000004,0.0
-1.6332799999999996,23.320424,1.9823400000000004,0.0
-1.6332799999999996,23.330424,1.9823400000000004,0.0
-1.6332799999999996,23.340424,1.9823400000000004,0.0
-1.6332799999999996,23.350424,1.9823400000000004,0.0
-1.6332799999999996,23.360424,1.9823400000000004,0.0
-1.6332799999999996,23.370424,1.9823400000000004,0.0
-1.6332799999999996,23.380424,1.9823400000000004,0.0
-1.6332799999999996,23.390424,1.9823400000000004,0.0
-1.6332799999999996,23.400424,1.9823400000000004,0.0
-1.6332799999999996,23.410424,1.9823400000000004,0.0
-1.6332799999999996,23.420424,1.9823400000000004,0.0
-1.6332799999999996,23.430424,1.9823400000000004,0.0
-1.6332799999999996,23.440424,1.9823400000000004,0.0
-1.6332799999999996,23.4494,1.9823400000000004,0.0
-1.6332799999999996,23.4594,1.9823400000000004,0.0
-1.6332799999999996,23.4694,1.9823400000000004,0.0
-1.6332799999999996,23.4794,1.9823400000000004,0.0
-1.6332799999999996,23.4894,1.9823400000000004,0.0
-1.6332799999999996,23.4994,1.9823400000000004,0.0
-1.6332799999999996,23.5094,1.9823400000000004,0.0
-1.6332799999999996,23.5194,1.9823400000000004,0.0
-1.6332799999999996,23.5294,1.9823400000000004,0.0
-1.6332799999999996,23.5394,1.9823400000000004,0.0
-1.6332799999999996,23.5494,1.9823400000000004,0.0
-1.6332799999999996,23.5594,1.9823400000000004,0.0
-1.6332799999999996,23.5694,1.9823400000000004,0.0
-1.6332799999999996,23.5794,1.9823400000000004,0.0
-1.6332799999999996,23.5894,1.9823400000000004,0.0
-1.6332799999999996,23.5994,1.9823400000000004,0.0
-1.6332799999999996,23.609404,1.9823400000000004,0.0
-1.6332799999999996,23.6194,1.9823400000000004,0.0
-1.6332799999999996,23.6294,1.9823400000000004,0.0
-1.6332799999999996,23.6394,1.9823400000000004,0.0
-1.6332799999999996,23.6494,1.9823400000000004,0.0
-1.6332799999999996,23.6594,1.9823400000000004,0.0
-1.6332799999999996,23.6694,1.9823400000000004,0.0
-1.6332799999999996,23.6794,1.9823400000000004,0.0
-1.6332799999999996,23.6894,1.9823400000000004,0.0
-1.6332799999999996,23.6994,1.9823400000000004,0.0
-1.6332799999999996,23.7094,1.9823400000000004,0.0
-1.6332799999999996,23.7194,1.9823400000000004,0.0
-1.6332799999999996,23.7294,1.9823400000000004,0.0
-1.6332799999999996,23.7394,1.9823400000000004,0.0
-1.6332799999999996,23.748376,1.9823400000000004,0.0
-1.6332799999999996,23.758376,1.9823400000000004,0.0
-1.6332799999999996,23.768376,1.9823400000000004,0.0
-1.6332799999999996,23.778376,1.9823400000000004,0.0
-1.6332799999999996,23.788376,1.9823400000000004,0.0
-1.6332799999999996,23.798376,1.9823400000000004,0.0
-1.6332799999999996,23.808376,1.9823400000000004,0.0
-1.6332799999999996,23.818376,1.9823400000000004,0.0
-1.6332799999999996,23.828376,1.9823400000000004,0.0
-1.6332799999999996,23.838376,1.9823400000000004,0.0
-1.6332799999999996,23.848376,1.9823400000000004,0.0
-1.6332799999999996,23.858376,1.9823400000000004,0.0
-1.6332799999999996,23.868376,1.9823400000000004,0.0
-1.6332799999999996,23.878376,1.9823400000000004,0.0
-1.6332799999999996,23.888376,1.9823400000000004,0.0
-1.6332799999999996,23.898376,1.9823400000000004,0.0
-1.6332799999999996,23.908376,1.9823400000000004,0.0
-1.6332799999999996,23.917352,1.9823400000000004,0.0
-1.6332799999999996,23.927352,1.9823400000000004,0.0
-1.6332799999999996,23.937352,1.9823400000000004,0.0
-1.6332799999999996,23.947352,1.9823400000000004,0.0
-1.6332799999999996,23.957352,1.9823400000000004,0.0
-1.6332799999999996,23.967352,1.9823400000000004,0.0
-1.6332799999999996,23.977352,1.9823400000000004,0.0
-1.6332799999999996,23.987352,1.9823400000000004,0.0
-1.6332799999999996,23.997352,1.9823400000000004,0.0
-1.6332799999999996,24.007352,1.9823400000000004,0.0
