0.0,0.010056,0.0,0.0
0.0,0.020056,0.0,0.0
0.0,0.030056,0.0,0.0
0.0,0.040056,0.0,0.0
0.0,0.050056,0.0,0.0
0.0,0.060056,0.0,0.0
0.0,0.070056,0.0,0.0
0.0,0.080056,0.0,0.0
0.0,0.090056,0.0,0.0
0.0,0.100056,0.0,0.0
0.0,0.110056,0.0,0.0
0.0,0.120056,0.0,0.0
0.0,0.130056,0.0,0.0
0.0,0.140056,0.0,0.0
0.0,0.150056,0.0,0.0
0.0,0.160056,0.0,0.0
0.0,0.170056,0.0,0.0
0.0,0.180056,0.0,0.0
0.0,0.190056,0.0,0.0
0.0,0.200056,0.0,0.0
0.0,0.210056,0.0,0.0
0.0,0.220056,0.0,0.0
0.0,0.230056,0.0,0.0
0.0,0.240056,0.0,0.0
0.0,0.250056,0.0,0.0
0.0,0.260056,0.0,0.0
0.0,0.270056,0.0,0.0
0.0,0.280056,0.0,0.0
0.0,0.290056,0.0,0.0
0.0,0.300056,0.0,0.0
0.0,0.310056,0.0,0.0
0.0,0.320056,0.0,0.0
0.0,0.330056,0.0,0.0
0.0,0.340056,0.0,0.0
0.0,0.350056,0.0,0.0
0.0,0.360056,0.0,0.0
0.0,0.370056,0.0,0.0
0.0,0.380056,0.0,0.0
0.0,0.390056,0.0,0.0
0.0,0.400056,0.0,0.0
0.0,0.410056,0.0,0.0
0.0,0.420056,0.0,0.0
0.0,0.430056,0.0,0.0
0.0,0.440056,0.0,0.0
0.0,0.450056,0.0,0.0
0.0,0.460056,0.0,0.0
0.0,0.470056,0.0,0.0
0.0,0.480056,0.0,0.0
0.0,0.490056,0.0,0.0
0.0,0.500056,0.0,0.0
0.0,0.510056,0.0,0.0
0.0,0.520056,0.0,0.0
0.0,0.530056,0.0,0.0
0.0,0.540056,0.0,0.0
0.0,0.550056,0.0,0.0
0.0,0.560056,0.0,0.0
0.0,0.570056,0.0,0.0
0.0,0.580056,0.0,0.0
0.0,0.590056,0.0,0.0
0.0,0.600056,0.0,0.0
0.0,0.610056,0.0,0.0
0.0,0.620056,0.0,0.0
0.0,0.630056,0.0,0.0
0.0,0.64006,0.0,0.0
0.0,0.650056,0.0,0.0
0.0,0.660056,0.0,0.0
0.0,0.670056,0.0,0.0
0.0,0.680056,0.0,0.0
0.0,0.690056,0.0,0.0
0.0,0.700056,0.0,0.0
0.0,0.710056,0.0,0.0
0.0,0.720056,0.0,0.0
0.0,0.730056,0.0,0.0
0.0,0.740056,0.0,0.0
0.0,0.750056,0.0,0.0
0.0,0.760056,0.0,0.0
0.0,0.770056,0.0,0.0
0.0,0.780056,0.0,0.0
0.0,0.790056,0.0,0.0
0.0,0.800056,0.0,0.0
0.0,0.810056,0.0,0.0
0.0,0.820056,0.0,0.0
0.0,0.830056,0.0,0.0
0.0,0.840056,0.0,0.0
0.0,0.850056,0.0,0.0
0.0,0.860056,0.0,0.0
0.0,0.870056,0.0,0.0
0.0,0.880056,0.0,0.0
0.0,0.890056,0.0,0.0
0.0,0.900056,0.0,0.0
0.0,0.910056,0.0,0.0
0.0,0.920056,0.0,0.0
0.0,0.930056,0.0,0.0
0.0,0.940056,0.0,0.0
0.0,0.950056,0.0,0.0
0.0,0.960056,0.0,0.0
0.0,0.970056,0.0,0.0
0.0,0.980056,0.0,0.0
0.0,0.990056,0.0,0.0
0.0,1.000056,0.0,0.0
0.0,1.010056,0.0,0.0
0.0,1.020056,0.0,0.0
0.0,1.030056,0.0,0.0
0.0,1.040056,0.0,0.0
0.0,1.050056,0.0,0.0
0.0,1.060056,0.0,0.0
0.0,1.070056,0.0,0.0
0.0,1.080056,0.0,0.0
0.0,1.090056,0.0,0.0
0.0,1.100056,0.0,0.0
0.0,1.110056,0.0,0.0
0.0,1.120056,0.0,0.0
0.0,1.130056,0.0,0.0
0.0,1.140056,0.0,0.0
0.0,1.150056,0.0,0.0
0.0,1.160056,0.0,0.0
0.0,1.170056,0.0,0.0
0.0,1.180056,0.0,0.0
0.0,1.190056,0.0,0.0
0.0,1.200056,0.0,0.0
0.0,1.210056,0.0,0.0
0.0,1.220056,0.0,0.0
0.0,1.230056,0.0,0.0
0.0,1.240056,0.0,0.0
0.0,1.250056,0.0,0.0
0.0,1.260056,0.0,0.0
0.0,1.270056,0.0,0.0
0.0,1.28006,0.0,0.0
0.0,1.290056,0.0,0.0
0.0,1.300056,0.0,0.0
0.0,1.310056,0.0,0.0
0.0,1.320056,0.0,0.0
0.0,1.330056,0.0,0.0
0.0,1.340056,0.0,0.0
0.0,1.350056,0.0,0.0
0.0,1.360056,0.0,0.0
0.0,1.370056,0.0,0.0
0.0,1.380056,0.0,0.0
0.0,1.390056,0.0,0.0
0.0,1.400056,0.0,0.0
0.0,1.410056,0.0,0.0
0.0,1.420056,0.0,0.0
0.0,1.430056,0.0,0.0
0.0,1.440056,0.0,0.0
0.0,1.450056,0.0,0.0
0.0,1.460056,0.0,0.0
0.0,1.470056,0.0,0.0
0.0,1.480056,0.0,0.0
0.0,1.490056,0.0,0.0
0.0,1.500056,0.0,0.0
0.0,1.510056,0.0,0.0
0.0,1.520056,0.0,0.0
0.0,1.530056,0.0,0.0
0.0,1.540056,0.0,0.0
0.0,1.550056,0.0,0.0
0.0,1.560056,0.0,0.0
0.0,1.570056,0.0,0.0
0.0,1.580056,0.0,0.0
0.0,1.590056,0.0,0.0
0.0,1.600056,0.0,0.0
0.0,1.610056,0.0,0.0
0.0,1.620056,0.0,0.0
0.0,1.630056,0.0,0.0
0.0,1.640056,0.0,0.0
0.0,1.650056,0.0,0.0
0.0,1.660056,0.0,0.0
0.0,1.670056,0.0,0.0
0.0,1.680056,0.0,0.0
0.0,1.690056,0.0,0.0
0.0,1.700056,0.0,0.0
0.0,1.710056,0.0,0.0
0.0,1.720056,0.0,0.0
0.0,1.730056,0.0,0.0
0.0,1.740056,0.0,0.0
0.0,1.750056,0.0,0.0
0.0,1.760056,0.0,0.0
0.0,1.770056,0.0,0.0
0.0,1.780056,0.0,0.0
0.0,1.790056,0.0,0.0
0.0,1.800056,0.0,0.0
0.0,1.810056,0.0,0.0
0.0,1.820056,0.0,0.0
0.0,1.830056,0.0,0.0
0.0,1.840056,0.0,0.0
0.0,1.850056,0.0,0.0
0.0,1.860056,0.0,0.0
0.0,1.870056,0.0,0.0
0.0,1.880056,0.0,0.0
0.0,1.890056,0.0,0.0
0.0,1.900056,0.0,0.0
0.0,1.910056,0.0,0.0
0.0,1.92006,0.0,0.0
0.0,1.930056,0.0,0.0
0.0,1.940056,0.0,0.0
0.0,1.950056,0.0,0.0
0.0,1.960056,0.0,0.0
0.0,1.970056,0.0,0.0
0.0,1.980056,0.0,0.0
0.0,1.990056,0.0,0.0
0.0,2.000056,0.0,0.0
0.0,2.010056,0.0,0.0
0.0,2.020056,0.0,0.0
0.0,2.030056,0.0,0.0
0.0,2.040056,0.0,0.0
0.0,2.050056,0.0,0.0
0.0,2.060056,0.0,0.0
0.0,2.070056,0.0,0.0
0.0,2.080056,0.0,0.0
0.0,2.090056,0.0,0.0
0.0,2.100056,0.0,0.0
0.0,2.110056,0.0,0.0
0.0,2.120056,0.0,0.0
0.0,2.130056,0.0,0.0
0.0,2.140056,0.0,0.0
0.0,2.150056,0.0,0.0
0.0,2.160056,0.0,0.0
0.0,2.170056,0.0,0.0
0.0,2.180056,0.0,0.0
0.0,2.190056,0.0,0.0
0.0,2.200056,0.0,0.0
0.0,2.210056,0.0,0.0
0.0,2.220056,0.0,0.0
0.0,2.230056,0.0,0.0
0.0,2.240056,0.0,0.0
0.0,2.250056,0.0,0.0
0.0,2.260056,0.0,0.0
0.0,2.270056,0.0,0.0
0.0,2.280056,0.0,0.0
0.0,2.290056,0.0,0.0
0.0,2.300056,0.0,0.0
0.0,2.310056,0.0,0.0
0.0,2.320056,0.0,0.0
0.0,2.330056,0.0,0.0
0.0,2.340056,0.0,0.0
0.0,2.350056,0.0,0.0
0.0,2.360056,0.0,0.0
0.0,2.370056,0.0,0.0
0.0,2.380056,0.0,0.0
0.0,2.390056,0.0,0.0
0.0,2.400056,0.0,0.0
0.0,2.410056,0.0,0.0
0.0,2.420056,0.0,0.0
0.0,2.430056,0.0,0.0
0.0,2.440056,0.0,0.0
0.0,2.450056,0.0,0.0
0.0,2.460056,0.0,0.0
0.0,2.470056,0.0,0.0
0.0,2.480056,0.0,0.0
0.0,2.490056,0.0,0.0
0.0,2.500056,0.0,0.0
0.0,2.510056,0.0,0.0
0.0,2.520056,0.0,0.0
0.0,2.530056,0.0,0.0
0.0,2.540056,0.0,0.0
0.0,2.550056,0.0,0.0
0.0,2.56006,0.0,0.0
0.0,2.570056,0.0,0.0
0.0,2.580056,0.0,0.0
0.0,2.590056,0.0,0.0
0.0,2.600056,0.0,0.0
0.0,2.610056,0.0,0.0
0.0,2.620056,0.0,0.0
0.0,2.630056,0.0,0.0
0.0,2.640056,0.0,0.0
0.0,2.650056,0.0,0.0
0.0,2.660056,0.0,0.0
0.0,2.670056,0.0,0.0
0.0,2.680056,0.0,0.0
0.0,2.690056,0.0,0.0
0.0,2.700056,0.0,0.0
0.0,2.710056,0.0,0.0
0.0,2.720056,0.0,0.0
0.0,2.730056,0.0,0.0
0.0,2.740056,0.0,0.0
0.0,2.750056,0.0,0.0
0.0,2.760056,0.0,0.0
0.0,2.770056,0.0,0.0
0.0,2.780056,0.0,0.0
0.0,2.790056,0.0,0.0
0.0,2.800056,0.0,0.0
0.0,2.810056,0.0,0.0
0.0,2.820056,0.0,0.0
0.0,2.830056,0.0,0.0
0.0,2.840056,0.0,0.0
0.0,2.850056,0.0,0.0
0.0,2.860056,0.0,0.0
0.0,2.870056,0.0,0.0
0.0,2.880056,0.0,0.0
0.0,2.890056,0.0,0.0
0.0,2.900056,0.0,0.0
0.0,2.910056,0.0,0.0
0.0,2.920056,0.0,0.0
0.0,2.930056,0.0,0.0
0.0,2.940056,0.0,0.0
0.0,2.950056,0.0,0.0
0.0,2.960056,0.0,0.0
0.0,2.970056,0.0,0.0
0.0,2.980056,0.0,0.0
0.0,2.990056,0.0,0.0
0.0,3.000056,0.0,0.0
0.0,3.010056,0.0,0.0
0.0,3.020056,0.0,0.0
0.0,3.030056,0.0,0.0
0.0,3.040056,0.0,0.0
0.0,3.050056,0.0,0.0
0.0,3.060056,0.0,0.0
0.0,3.070056,0.0,0.0
0.0,3.080056,0.0,0.0
0.0,3.090056,0.0,0.0
0.0,3.100056,0.0,0.0
0.0,3.110056,0.0,0.0
0.0,3.120056,0.0,0.0
0.0,3.130056,0.0,0.0
0.0,3.140056,0.0,0.0
0.0,3.150056,0.0,0.0
0.0,3.160056,0.0,0.0
0.0,3.170056,0.0,0.0
0.0,3.180056,0.0,0.0
0.0,3.190056,0.0,0.0
0.0,3.20006,0.0,0.0
0.0,3.210056,0.0,0.0
0.0,3.220056,0.0,0.0
0.0,3.230056,0.0,0.0
0.0,3.240056,0.0,0.0
0.0,3.250056,0.0,0.0
0.0,3.260056,0.0,0.0
0.0,3.270056,0.0,0.0
0.0,3.280056,0.0,0.0
0.0,3.290056,0.0,0.0
0.0,3.300056,0.0,0.0
0.0,3.310056,0.0,0.0
0.0,3.320056,0.0,0.0
0.0,3.330056,0.0,0.0
0.0,3.340056,0.0,0.0
0.0,3.350056,0.0,0.0
0.0,3.360056,0.0,0.0
0.0,3.370056,0.0,0.0
0.0,3.380056,0.0,0.0
0.0,3.390056,0.0,0.0
0.0,3.400056,0.0,0.0
0.0,3.410056,0.0,0.0
0.0,3.420056,0.0,0.0
0.0,3.430056,0.0,0.0
0.0,3.440056,0.0,0.0
0.0,3.450056,0.0,0.0
0.0,3.460056,0.0,0.0
0.0,3.470056,0.0,0.0
0.0,3.480056,0.0,0.0
0.0,3.490056,0.0,0.0
0.0,3.500056,0.0,0.0
0.0,3.510056,0.0,0.0
0.0,3.520056,0.0,0.0
0.0,3.530056,0.0,0.0
0.0,3.540056,0.0,0.0
0.0,3.550056,0.0,0.0
0.0,3.560056,0.0,0.0
0.0,3.570056,0.0,0.0
0.0,3.580056,0.0,0.0
0.0,3.590056,0.0,0.0
0.0,3.600056,0.0,0.0
0.0,3.610056,0.0,0.0
0.0,3.620056,0.0,0.0
0.0,3.630056,0.0,0.0
0.0,3.640056,0.0,0.0
0.0,3.650056,0.0,0.0
0.0,3.660056,0.0,0.0
0.0,3.670056,0.0,0.0
0.0,3.680056,0.0,0.0
0.0,3.690056,0.0,0.0
0.0,3.700056,0.0,0.0
0.0,3.710056,0.0,0.0
0.0,3.720056,0.0,0.0
0.0,3.730056,0.0,0.0
0.0,3.740056,0.0,0.0
0.0,3.750056,0.0,0.0
0.0,3.760056,0.0,0.0
0.0,3.770056,0.0,0.0
0.0,3.780056,0.0,0.0
0.0,3.790056,0.0,0.0
0.0,3.800056,0.0,0.0
0.0,3.810056,0.0,0.0
0.0,3.820056,0.0,0.0
0.0,3.830056,0.0,0.0
0.0,3.84006,0.0,0.0
0.0,3.850056,0.0,0.0
0.0,3.860056,0.0,0.0
0.0,3.870056,0.0,0.0
0.0,3.880056,0.0,0.0
0.0,3.890056,0.0,0.0
0.0,3.900056,0.0,0.0
0.0,3.910056,0.0,0.0
0.0,3.920056,0.0,0.0
0.0,3.930056,0.0,0.0
0.0,3.940056,0.0,0.0
0.0,3.950056,0.0,0.0
0.0,3.960056,0.0,0.0
0.0,3.970056,0.0,0.0
0.0,3.980056,0.0,0.0
0.0,3.990056,0.0,0.0
0.0,4.000056,0.0,0.0
0.0,4.010056,0.0,0.0
0.0,4.020056,0.0,0.0
0.0,4.030056,0.0,0.0
0.0,4.040056,0.0,0.0
0.0,4.050056,0.0,0.0
0.0,4.060056,0.0,0.0
0.0,4.070056,0.0,0.0
0.0,4.080056,0.0,0.0
0.0,4.090056,0.0,0.0
0.0,4.100056,0.0,0.0
0.0,4.110056,0.0,0.0
0.0,4.120056,0.0,0.0
0.0,4.130056,0.0,0.0
0.0,4.140056,0.0,0.0
0.0,4.150056,0.0,0.0
0.0,4.160056,0.0,0.0
0.0,4.170056,0.0,0.0
0.0,4.180056,0.0,0.0
0.0,4.190056,0.0,0.0
0.0,4.200056,0.0,0.0
0.0,4.210056,0.0,0.0
0.0,4.220056,0.0,0.0
0.0,4.230056,0.0,0.0
0.0,4.240056,0.0,0.0
0.0,4.250056,0.0,0.0
0.0,4.260056,0.0,0.0
0.0,4.270056,0.0,0.0
0.0,4.280056,0.0,0.0
0.0,4.290056,0.0,0.0
0.0,4.300056,0.0,0.0
0.0,4.310056,0.0,0.0
0.0,4.320056,0.0,0.0
0.0,4.330056,0.0,0.0
0.0,4.340056,0.0,0.0
0.0,4.350056,0.0,0.0
0.0,4.360056,0.0,0.0
0.0,4.370056,0.0,0.0
0.0,4.380056,0.0,0.0
0.0,4.390056,0.0,0.0
0.0,4.400056,0.0,0.0
0.0,4.410056,0.0,0.0
0.0,4.420056,0.0,0.0
0.0,4.430056,0.0,0.0
0.0,4.440056,0.0,0.0
0.0,4.450056,0.0,0.0
0.0,4.460056,0.0,0.0
0.0,4.470056,0.0,0.0
0.0,4.48006,0.0,0.0
0.0,4.490056,0.0,0.0
0.0,4.500056,0.0,0.0
0.0,4.510056,0.0,0.0
0.0,4.520056,0.0,0.0
0.0,4.530056,0.0,0.0
0.0,4.540056,0.0,0.0
0.0,4.550056,0.0,0.0
0.0,4.560056,0.0,0.0
0.0,4.570056,0.0,0.0
0.0,4.580056,0.0,0.0
0.0,4.590056,0.0,0.0
0.0,4.600056,0.0,0.0
0.0,4.610056,0.0,0.0
0.0,4.620056,0.0,0.0
0.0,4.630056,0.0,0.0
0.0,4.640056,0.0,0.0
0.0,4.650056,0.0,0.0
0.0,4.660056,0.0,0.0
0.0,4.670056,0.0,0.0
0.0,4.680056,0.0,0.0
0.0,4.690056,0.0,0.0
0.0,4.700056,0.0,0.0
0.0,4.710056,0.0,0.0
0.0,4.720056,0.0,0.0
0.0,4.730056,0.0,0.0
0.0,4.740056,0.0,0.0
0.0,4.750056,0.0,0.0
0.0,4.760056,0.0,0.0
0.0,4.770056,0.0,0.0
0.0,4.780056,0.0,0.0
0.0,4.790056,0.0,0.0
0.0,4.800056,0.0,0.0
0.0,4.810056,0.0,0.0
0.0,4.820056,0.0,0.0
0.0,4.830056,0.0,0.0
0.0,4.840056,0.0,0.0
0.0,4.850056,0.0,0.0
0.0,4.860056,0.0,0.0
0.0,4.870056,0.0,0.0
0.0,4.880056,0.0,0.0
0.0,4.890056,0.0,0.0
0.0,4.900056,0.0,0.0
0.0,4.910056,0.0,0.0
0.0,4.920056,0.0,0.0
0.0,4.930056,0.0,0.0
0.0,4.940056,0.0,0.0
0.0,4.950056,0.0,0.0
0.0,4.960056,0.0,0.0
0.0,4.970056,0.0,0.0
0.0,4.980056,0.0,0.0
0.0,4.990056,0.0,0.0
0.02618,5.000056,0.0,0.0
0.05236,5.010056,0.0,0.0
0.07854,5.020056,0.0,0.0
0.10472,5.030056,0.0,0.0
0.1309,5.040056,0.0,0.0
0.15708,5.050056,0.0,0.0
0.18326,5.060056,0.0,0.0
0.20944,5.070056,0.0,0.0
0.23562,5.080056,0.0,0.0
0.2618,5.090056,0.0,0.0
0.28798,5.100056,0.0,0.0
0.31416,5.110056,0.0,0.0
0.34034000000000003,5.12006,0.0,0.0
0.36652,5.130056,0.0,0.0
0.39270000000000005,5.140056,0.0,0.0
0.41888,5.150056,0.0,0.0
0.44506,5.160056,0.0,0.0
0.47124,5.170056,0.0,0.0
0.49742,5.180056,0.0,0.0
0.5236,5.190056,0.0,0.0
0.5236,5.200056,0.0,0.0
0.5236,5.210056,0.0,0.0
0.5236,5.220056,0.0,0.0
0.5236,5.230056,0.0,0.0
0.5236,5.240056,0.0,0.0
0.5236,5.250056,0.0,0.0
0.5236,5.260056,0.0,0.0
0.5236,5.270056,0.0,0.0
0.5236,5.280056,0.0,0.0
0.5236,5.290056,0.0,0.0
0.5236,5.300056,0.0,0.0
0.5236,5.310056,0.0,0.0
0.5236,5.320056,0.0,0.0
0.5236,5.330056,0.0,0.0
0.5236,5.340056,0.0,0.0
0.5236,5.350056,0.0,0.0
0.5236,5.360056,0.0,0.0
0.5236,5.370056,0.0,0.0
0.5236,5.380056,0.0,0.0
0.5236,5.390056,0.0,0.0
0.5236,5.400056,0.0,0.0
0.5236,5.410056,0.0,0.0
0.5236,5.420056,0.0,0.0
0.5236,5.430056,0.0,0.0
0.5236,5.440056,0.0,0.0
0.5236,5.450056,0.0,0.0
0.5236,5.460056,0.0,0.0
0.5236,5.470056,0.0,0.0
0.5236,5.480056,0.0,0.0
0.5236,5.490056,0.0,0.0
0.5236,5.500056,0.0,0.0
0.5236,5.510056,0.0,0.0
0.5236,5.520056,0.0,0.0
0.5236,5.530056,0.0,0.0
0.5236,5.540056,0.0,0.0
0.5236,5.550056,0.0,0.0
0.5236,5.560056,0.0,0.0
0.5236,5.570056,0.0,0.0
0.5236,5.580056,0.0,0.0
0.5236,5.590056,0.0,0.0
0.5236,5.600056,0.0,0.0
0.5236,5.610056,0.0,0.0
0.5236,5.620056,0.0,0.0
0.5236,5.630056,0.0,0.0
0.5236,5.640056,0.0,0.0
0.5236,5.650056,0.0,0.0
0.5236,5.660056,0.0,0.0
0.5236,5.670056,0.0,0.0
0.5236,5.680056,0.0,0.0
0.5236,5.690056,0.0,0.0
0.5236,5.700056,0.0,0.0
0.5236,5.710056,0.0,0.0
0.5236,5.720056,0.0,0.0
0.5236,5.730056,0.0,0.0
0.5236,5.740056,0.0,0.0
0.5236,5.750056,0.0,0.0
0.5236,5.76006,0.0,0.0
0.5236,5.770056,0.0,0.0
0.5236,5.780056,0.0,0.0
0.5236,5.790056,0.0,0.0
0.5236,5.800056,0.0,0.0
0.5236,5.810056,0.0,0.0
0.5236,5.820056,0.0,0.0
0.5236,5.830056,0.0,0.0
0.5236,5.840056,0.0,0.0
0.5236,5.850056,0.0,0.0
0.5236,5.860056,0.0,0.0
0.5236,5.870056,0.0,0.0
0.5236,5.880056,0.0,0.0
0.5236,5.890056,0.0,0.0
0.5236,5.900056,0.0,0.0
0.5236,5.910056,0.0,0.0
0.5236,5.920056,0.0,0.0
0.5236,5.930056,0.0,0.0
0.5236,5.940056,0.0,0.0
0.5236,5.950056,0.0,0.0
0.5236,5.960056,0.0,0.0
0.5236,5.970056,0.0,0.0
0.5236,5.980056,0.0,0.0
0.5236,5.990056,0.0,0.0
0.5236,6.000056,0.0,0.0
0.5236,6.010056,0.0,0.0
0.5236,6.020056,0.0,0.0
0.5236,6.030056,0.0,0.0
0.5236,6.040056,0.0,0.0
0.5236,6.050056,0.0,0.0
0.5236,6.060056,0.0,0.0
0.5236,6.070056,0.0,0.0
0.5236,6.080056,0.0,0.0
0.5236,6.090056,0.0,0.0
0.5236,6.100056,0.0,0.0
0.5236,6.110056,0.0,0.0
0.5236,6.120056,0.0,0.0
0.5236,6.130056,0.0,0.0
0.5236,6.140056,0.0,0.0
0.5236,6.150056,0.0,0.0
0.5236,6.160056,0.0,0.0
0.5236,6.170056,0.0,0.0
0.5236,6.180056,0.0,0.0
0.5236,6.190056,0.0,0.0
0.5236,6.200056,0.0,0.0
0.5236,6.210056,0.0,0.0
0.5236,6.220056,0.0,0.0
0.5236,6.230056,0.0,0.0
0.5236,6.240056,0.0,0.0
0.5236,6.250056,0.0,0.0
0.5236,6.260056,0.0,0.0
0.5236,6.270056,0.0,0.0
0.5236,6.280056,0.0,0.0
0.5236,6.290056,0.0,0.0
0.5236,6.300056,0.0,0.0
0.5236,6.310056,0.0,0.0
0.5236,6.320056,0.0,0.0
0.5236,6.330056,0.0,0.0
0.5236,6.340056,0.0,0.0
0.5236,6.350056,0.0,0.0
0.5236,6.360056,0.0,0.0
0.5236,6.370056,0.0,0.0
0.5236,6.380056,0.0,0.0
0.5236,6.390056,0.0,0.0
0.5236,6.40006,0.0,0.0
0.5236,6.410056,0.0,0.0
0.5236,6.420056,0.0,0.0
0.5236,6.430056,0.0,0.0
0.5236,6.440056,0.0,0.0
0.5236,6.450056,0.0,0.0
0.5236,6.460056,0.0,0.0
0.5236,6.470056,0.0,0.0
0.5236,6.480056,0.0,0.0
0.5236,6.490056,0.0,0.0
0.5236,6.500056,0.0,0.0
0.5236,6.510056,0.0,0.0
0.5236,6.520056,0.0,0.0
0.5236,6.530056,0.0,0.0
0.5236,6.540056,0.0,0.0
0.5236,6.550056,0.0,0.0
0.5236,6.560056,0.0,0.0
0.5236,6.570056,0.0,0.0
0.5236,6.580056,0.0,0.0
0.5236,6.590056,0.0,0.0
0.5236,6.600056,0.0,0.0
0.5236,6.610056,0.0,0.0
0.5236,6.620056,0.0,0.0
0.5236,6.630056,0.0,0.0
0.5236,6.640056,0.0,0.0
0.5236,6.650056,0.0,0.0
0.5236,6.660056,0.0,0.0
0.5236,6.670056,0.0,0.0
0.5236,6.680056,0.0,0.0
0.5236,6.690056,0.0,0.0
0.5236,6.700056,0.0,0.0
0.5236,6.710056,0.0,0.0
0.5236,6.720056,0.0,0.0
0.5236,6.730056,0.0,0.0
0.5236,6.740056,0.0,0.0
0.5236,6.750056,0.0,0.0
0.5236,6.760056,0.0,0.0
0.5236,6.770056,0.0,0.0
0.5236,6.780056,0.0,0.0
0.5236,6.790056,0.0,0.0
0.5236,6.800056,0.0,0.0
0.5236,6.810056,0.0,0.0
0.5236,6.820056,0.0,0.0
0.5236,6.830056,0.0,0.0
0.5236,6.840056,0.0,0.0
0.5236,6.850056,0.0,0.0
0.5236,6.860056,0.0,0.0
0.5236,6.870056,0.0,0.0
0.5236,6.880056,0.0,0.0
0.5236,6.890056,0.0,0.0
0.5236,6.900056,0.0,0.0
0.5236,6.910056,0.0,0.0
0.5236,6.920056,0.0,0.0
0.5236,6.930056,0.0,0.0
0.5236,6.940056,0.0,0.0
0.5236,6.950056,0.0,0.0
0.5236,6.960056,0.0,0.0
0.5236,6.970056,0.0,0.0
0.5236,6.980056,0.0,0.0
0.5236,6.990056,0.0,0.0
0.5585065,7.000056,0.0,0.0
0.593413,7.010056,0.0,0.0
0.6283195000000001,7.020056,0.0,0.0
0.6632260000000001,7.030056,0.0,0.0
0.6981325,7.04006,0.0,0.0
0.733039,7.050056,0.0,0.0
0.7679455000000002,7.060056,0.0,0.0
0.8028520000000001,7.070056,0.0,0.0
0.8377585000000001,7.080056,0.0,0.0
0.8726650000000001,7.090056,0.0,0.0
0.9075715000000001,7.100056,0.0,0.0
0.9424779999999999,7.110056,0.0,0.0
0.9773844999999999,7.120056,0.0,0.0
1.0122909999999998,7.130056,0.0,0.0
1.0471975,7.140056,0.0,0.0
1.082104,7.150056,0.0,0.0
1.1170105000000001,7.160056,0.0,0.0
1.1519170000000003,7.170056,0.0,0.0
1.1868235000000005,7.180056,0.0,0.0
1.2217300000000006,7.190056,0.0,0.0
1.2217300000000006,7.200056,0.0,0.0
1.2217300000000006,7.210056,0.0,0.0
1.2217300000000006,7.220056,0.0,0.0
1.2217300000000006,7.230056,0.0,0.0
1.2217300000000006,7.240056,0.0,0.0
1.2217300000000006,7.250056,0.0,0.0
1.2217300000000006,7.260056,0.0,0.0
1.2217300000000006,7.270056,0.0,0.0
1.2217300000000006,7.280056,0.0,0.0
1.2217300000000006,7.290056,0.0,0.0
1.2217300000000006,7.300056,0.0,0.0
1.2217300000000006,7.310056,0.0,0.0
1.2217300000000006,7.320056,0.0,0.0
1.2217300000000006,7.330056,0.0,0.0
1.2217300000000006,7.340056,0.0,0.0
1.2217300000000006,7.350056,0.0,0.0
1.2217300000000006,7.360056,0.0,0.0
1.2217300000000006,7.370056,0.0,0.0
1.2217300000000006,7.380056,0.0,0.0
1.2217300000000006,7.390056,0.0,0.0
1.2217300000000006,7.400056,0.0,0.0
1.2217300000000006,7.410056,0.0,0.0
1.2217300000000006,7.420056,0.0,0.0
1.2217300000000006,7.430056,0.0,0.0
1.2217300000000006,7.440056,0.0,0.0
1.2217300000000006,7.450056,0.0,0.0
1.2217300000000006,7.460056,0.0,0.0
1.2217300000000006,7.470056,0.0,0.0
1.2217300000000006,7.480056,0.0,0.0
1.2217300000000006,7.490056,0.0,0.0
1.2217300000000006,7.500056,0.0,0.0
1.2217300000000006,7.510056,0.0,0.0
1.2217300000000006,7.520056,0.0,0.0
1.2217300000000006,7.530056,0.0,0.0
1.2217300000000006,7.540056,0.0,0.0
1.2217300000000006,7.550056,0.0,0.0
1.2217300000000006,7.560056,0.0,0.0
1.2217300000000006,7.570056,0.0,0.0
1.2217300000000006,7.580056,0.0,0.0
1.2217300000000006,7.590056,0.0,0.0
1.2217300000000006,7.600056,0.0,0.0
1.2217300000000006,7.610056,0.0,0.0
1.2217300000000006,7.620056,0.0,0.0
1.2217300000000006,7.630056,0.0,0.0
1.2217300000000006,7.640056,0.0,0.0
1.2217300000000006,7.650056,0.0,0.0
1.2217300000000006,7.660056,0.0,0.0
1.2217300000000006,7.670056,0.0,0.0
1.2217300000000006,7.68006,0.0,0.0
1.2217300000000006,7.690056,0.0,0.0
1.2217300000000006,7.700056,0.0,0.0
1.2217300000000006,7.710056,0.0,0.0
1.2217300000000006,7.720056,0.0,0.0
1.2217300000000006,7.730056,0.0,0.0
1.2217300000000006,7.740056,0.0,0.0
1.2217300000000006,7.750056,0.0,0.0
1.2217300000000006,7.760056,0.0,0.0
1.2217300000000006,7.770056,0.0,0.0
1.2217300000000006,7.780056,0.0,0.0
1.2217300000000006,7.790056,0.0,0.0
1.2217300000000006,7.800056,0.0,0.0
1.2217300000000006,7.810056,0.0,0.0
1.2217300000000006,7.820056,0.0,0.0
1.2217300000000006,7.830056,0.0,0.0
1.2217300000000006,7.840056,0.0,0.0
1.2217300000000006,7.850056,0.0,0.0
1.2217300000000006,7.860056,0.0,0.0
1.2217300000000006,7.870056,0.0,0.0
1.2217300000000006,7.880056,0.0,0.0
1.2217300000000006,7.890056,0.0,0.0
1.2217300000000006,7.900056,0.0,0.0
1.2217300000000006,7.910056,0.0,0.0
1.2217300000000006,7.920056,0.0,0.0
1.2217300000000006,7.930056,0.0,0.0
1.2217300000000006,7.940056,0.0,0.0
1.2217300000000006,7.950056,0.0,0.0
1.2217300000000006,7.960056,0.0,0.0
1.2217300000000006,7.970056,0.0,0.0
1.2217300000000006,7.980056,0.0,0.0
1.2217300000000006,7.990056,0.0,0.0
1.2217300000000006,8.000056,0.0,0.0
1.2217300000000006,8.010056,0.0,0.0
1.2217300000000006,8.020056,0.0,0.0
1.2217300000000006,8.030056,0.0,0.0
1.2217300000000006,8.040056,0.0,0.0
1.2217300000000006,8.050056,0.0,0.0
1.2217300000000006,8.060056,0.0,0.0
1.2217300000000006,8.070056,0.0,0.0
1.2217300000000006,8.080056,0.0,0.0
1.2217300000000006,8.090056,0.0,0.0
1.2217300000000006,8.100056,0.0,0.0
1.2217300000000006,8.110056,0.0,0.0
1.2217300000000006,8.120056,0.0,0.0
1.2217300000000006,8.130056,0.0,0.0
1.2217300000000006,8.140056,0.0,0.0
1.2217300000000006,8.150056,0.0,0.0
1.2217300000000006,8.160056,0.0,0.0
1.2217300000000006,8.170056,0.0,0.0
1.2217300000000006,8.180056,0.0,0.0
1.2217300000000006,8.190056,0.0,0.0
1.2217300000000006,8.200056,0.0,0.0
1.2217300000000006,8.210056,0.0,0.0
1.2217300000000006,8.220056,0.0,0.0
1.2217300000000006,8.230056,0.0,0.0
1.2217300000000006,8.240056,0.0,0.0
1.2217300000000006,8.250056,0.0,0.0
1.2217300000000006,8.260056,0.0,0.0
1.2217300000000006,8.270056,0.0,0.0
1.2217300000000006,8.280056,0.0,0.0
1.2217300000000006,8.290056,0.0,0.0
1.2217300000000006,8.300056,0.0,0.0
1.2217300000000006,8.310056,0.0,0.0
1.2217300000000006,8.32006,0.0,0.0
1.2217300000000006,8.330056,0.0,0.0
1.2217300000000006,8.340056,0.0,0.0
1.2217300000000006,8.350056,0.0,0.0
1.2217300000000006,8.360056,0.0,0.0
1.2217300000000006,8.370056,0.0,0.0
1.2217300000000006,8.380056,0.0,0.0
1.2217300000000006,8.390056,0.0,0.0
1.2217300000000006,8.400056,0.0,0.0
1.2217300000000006,8.410056,0.0,0.0
1.2217300000000006,8.420056,0.0,0.0
1.2217300000000006,8.430056,0.0,0.0
1.2217300000000006,8.440056,0.0,0.0
1.2217300000000006,8.450056,0.0,0.0
1.2217300000000006,8.460056,0.0,0.0
1.2217300000000006,8.470056,0.0,0.0
1.2217300000000006,8.480056,0.0,0.0
1.2217300000000006,8.490056,0.0,0.0
1.2217300000000006,8.500056,0.0,0.0
1.2217300000000006,8.510056,0.0,0.0
1.2217300000000006,8.520056,0.0,0.0
1.2217300000000006,8.530056,0.0,0.0
1.2217300000000006,8.540056,0.0,0.0
1.2217300000000006,8.550056,0.0,0.0
1.2217300000000006,8.560056,0.0,0.0
1.2217300000000006,8.570056,0.0,0.0
1.2217300000000006,8.580056,0.0,0.0
1.2217300000000006,8.590056,0.0,0.0
1.2217300000000006,8.600056,0.0,0.0
1.2217300000000006,8.610056,0.0,0.0
1.2217300000000006,8.620056,0.0,0.0
1.2217300000000006,8.630056,0.0,0.0
1.2217300000000006,8.640056,0.0,0.0
1.2217300000000006,8.650056,0.0,0.0
1.2217300000000006,8.660056,0.0,0.0
1.2217300000000006,8.670056,0.0,0.0
1.2217300000000006,8.680056,0.0,0.0
1.2217300000000006,8.690056,0.0,0.0
1.2217300000000006,8.700056,0.0,0.0
1.2217300000000006,8.710056,0.0,0.0
1.2217300000000006,8.720056,0.0,0.0
1.2217300000000006,8.730056,0.0,0.0
1.2217300000000006,8.740056,0.0,0.0
1.2217300000000006,8.750056,0.0,0.0
1.2217300000000006,8.760056,0.0,0.0
1.2217300000000006,8.770056,0.0,0.0
1.2217300000000006,8.780056,0.0,0.0
1.2217300000000006,8.790056,0.0,0.0
1.2217300000000006,8.800056,0.0,0.0
1.2217300000000006,8.810056,0.0,0.0
1.2217300000000006,8.820056,0.0,0.0
1.2217300000000006,8.830056,0.0,0.0
1.2217300000000006,8.840056,0.0,0.0
1.2217300000000006,8.850056,0.0,0.0
1.2217300000000006,8.860056,0.0,0.0
1.2217300000000006,8.870056,0.0,0.0
1.2217300000000006,8.880056,0.0,0.0
1.2217300000000006,8.890056,0.0,0.0
1.2217300000000006,8.900056,0.0,0.0
1.2217300000000006,8.910056,0.0,0.0
1.2217300000000006,8.920056,0.0,0.0
1.2217300000000006,8.930056,0.0,0.0
1.2217300000000006,8.940056,0.0,0.0
1.2217300000000006,8.950056,0.0,0.0
1.2217300000000006,8.96006,0.0,0.0
1.2217300000000006,8.970056,0.0,0.0
1.2217300000000006,8.980056,0.0,0.0
1.2217300000000006,8.990056,0.0,0.0
1.3046130000000007,9.000056,0.0,0.0
1.3873385000000007,9.010076,0.00015700000000000002,0.0
1.4692000000000007,9.020084,0.0011780000000000002,0.0
1.5494910000000008,9.03008,0.00377,0.0
1.6275045000000006,9.04008,0.0086395,0.0
1.7023760000000008,9.050084,0.016650500000000002,0.0
1.7738705000000008,9.06008,0.028039000000000005,0.0
1.8418305000000004,9.070084,0.04296150000000001,0.0
1.9058635000000006,9.08008,0.061811000000000005,0.0
1.9660485000000005,9.09008,0.084509,0.0
2.0229345000000003,9.100084,0.11050550000000002,0.0
2.0777,9.110084,0.13862300000000002,0.0
2.1313660000000003,9.120088,0.16784000000000002,0.0
2.184639,9.130088,0.19744950000000003,0.0
2.2379910000000005,9.140064,0.22698050000000003,0.0
2.2913430000000004,9.150056,0.25651150000000006,0.0
2.344695,9.160056,0.2860425000000001,0.0
2.398047,9.170056,0.3155735000000001,0.0
2.4513990000000003,9.180056,0.34510450000000015,0.0
2.504751,9.190056,0.3746355000000001,0.0
2.47522,9.200056,0.4041665000000001,0.0
2.4458465,9.210056,0.4335405000000001,0.0
2.417337,9.220056,0.4620505,0.0
2.390398,9.230056,0.4889895,0.0
2.3657365,9.240056,0.5136510000000001,0.0
2.344217,9.250056,0.535171,0.0
2.3260745,9.260056,0.5533134999999999,0.0
2.3114665,9.270056,0.5679219999999999,0.0
2.3007854999999995,9.280056,0.5786034999999998,0.0
2.2939524999999996,9.290056,0.5854364999999999,0.0
2.2904185,9.300056,0.5889709999999999,0.0
2.289005,9.310056,0.5903844999999999,0.0
2.2886909999999996,9.320056,0.5906984999999999,0.0
2.28877,9.330056,0.5906199999999999,0.0
2.28877,9.340056,0.5906199999999999,0.0
2.28877,9.350056,0.5906199999999999,0.0
2.28877,9.360056,0.5906199999999999,0.0
2.28877,9.370056,0.5906199999999999,0.0
2.28877,9.380056,0.5906199999999999,0.0
2.28877,9.390056,0.5906199999999999,0.0
2.28877,9.400056,0.5906199999999999,0.0
2.28877,9.410056,0.5906199999999999,0.0
2.28877,9.420056,0.5906199999999999,0.0
2.28877,9.430056,0.5906199999999999,0.0
2.28877,9.440056,0.5906199999999999,0.0
2.28877,9.450056,0.5906199999999999,0.0
2.28877,9.460056,0.5906199999999999,0.0
2.28877,9.470056,0.5906199999999999,0.0
2.28877,9.480056,0.5906199999999999,0.0
2.28877,9.490056,0.5906199999999999,0.0
2.28877,9.500056,0.5906199999999999,0.0
2.28877,9.510056,0.5906199999999999,0.0
2.28877,9.520056,0.5906199999999999,0.0
2.28877,9.530056,0.5906199999999999,0.0
2.28877,9.540056,0.5906199999999999,0.0
2.28877,9.550056,0.5906199999999999,0.0
2.28877,9.560056,0.5906199999999999,0.0
2.28877,9.570056,0.5906199999999999,0.0
2.28877,9.580056,0.5906199999999999,0.0
2.28877,9.590056,0.5906199999999999,0.0
2.28877,9.60006,0.5906199999999999,0.0
2.28877,9.610056,0.5906199999999999,0.0
2.28877,9.620056,0.5906199999999999,0.0
2.28877,9.630056,0.5906199999999999,0.0
2.28877,9.640056,0.5906199999999999,0.0
2.28877,9.650056,0.5906199999999999,0.0
2.28877,9.660056,0.5906199999999999,0.0
2.28877,9.670056,0.5906199999999999,0.0
2.28877,9.680056,0.5906199999999999,0.0
2.28877,9.690056,0.5906199999999999,0.0
2.28877,9.700056,0.5906199999999999,0.0
2.28877,9.710056,0.5906199999999999,0.0
2.28877,9.720056,0.5906199999999999,0.0
2.28877,9.730056,0.5906199999999999,0.0
2.28877,9.740056,0.5906199999999999,0.0
2.28877,9.750056,0.5906199999999999,0.0
2.28877,9.760056,0.5906199999999999,0.0
2.28877,9.770056,0.5906199999999999,0.0
2.28877,9.780056,0.5906199999999999,0.0
2.28877,9.790056,0.5906199999999999,0.0
2.28877,9.800056,0.5906199999999999,0.0
2.28877,9.810056,0.5906199999999999,0.0
2.28877,9.820056,0.5906199999999999,0.0
2.28877,9.830056,0.5906199999999999,0.0
2.28877,9.840056,0.5906199999999999,0.0
2.28877,9.850056,0.5906199999999999,0.0
2.28877,9.860056,0.5906199999999999,0.0
2.28877,9.870056,0.5906199999999999,0.0
2.28877,9.880056,0.5906199999999999,0.0
2.28877,9.890056,0.5906199999999999,0.0
2.28877,9.900056,0.5906199999999999,0.0
2.28877,9.910056,0.5906199999999999,0.0
2.28877,9.920056,0.5906199999999999,0.0
2.28877,9.930056,0.5906199999999999,0.0
2.28877,9.940056,0.5906199999999999,0.0
2.28877,9.950056,0.5906199999999999,0.0
2.28877,9.960056,0.5906199999999999,0.0
2.28877,9.970056,0.5906199999999999,0.0
2.28877,9.980056,0.5906199999999999,0.0
2.28877,9.990056,0.5906199999999999,0.0
2.28877,10.000056,0.5906199999999999,0.0
2.28877,10.010056,0.5906199999999999,0.0
2.28877,10.020056,0.5906199999999999,0.0
2.28877,10.030056,0.5906199999999999,0.0
2.28877,10.040056,0.5906199999999999,0.0
2.28877,10.050056,0.5906199999999999,0.0
2.28877,10.060056,0.5906199999999999,0.0
2.28877,10.070056,0.5906199999999999,0.0
2.28877,10.080056,0.5906199999999999,0.0
2.28877,10.090056,0.5906199999999999,0.0
2.28877,10.100056,0.5906199999999999,0.0
2.28877,10.110056,0.5906199999999999,0.0
2.28877,10.120056,0.5906199999999999,0.0
2.28877,10.130056,0.5906199999999999,0.0
2.28877,10.140056,0.5906199999999999,0.0
2.28877,10.150056,0.5906199999999999,0.0
2.28877,10.160056,0.5906199999999999,0.0
2.28877,10.170056,0.5906199999999999,0.0
2.28877,10.180056,0.5906199999999999,0.0
2.28877,10.190056,0.5906199999999999,0.0
2.28877,10.200056,0.5906199999999999,0.0
2.28877,10.210056,0.5906199999999999,0.0
2.28877,10.220056,0.5906199999999999,0.0
2.28877,10.230056,0.5906199999999999,0.0
2.28877,10.24006,0.5906199999999999,0.0
2.28877,10.250056,0.5906199999999999,0.0
2.28877,10.260056,0.5906199999999999,0.0
2.28877,10.270056,0.5906199999999999,0.0
2.28877,10.280056,0.5906199999999999,0.0
2.28877,10.290056,0.5906199999999999,0.0
2.28877,10.300056,0.5906199999999999,0.0
2.28877,10.310056,0.5906199999999999,0.0
2.28877,10.320056,0.5906199999999999,0.0
2.28877,10.330056,0.5906199999999999,0.0
2.28877,10.340056,0.5906199999999999,0.0
2.28877,10.350056,0.5906199999999999,0.0
2.28877,10.360056,0.5906199999999999,0.0
2.28877,10.370056,0.5906199999999999,0.0
2.28877,10.380056,0.5906199999999999,0.0
2.28877,10.390056,0.5906199999999999,0.0
2.28877,10.400056,0.5906199999999999,0.0
2.28877,10.410056,0.5906199999999999,0.0
2.28877,10.420056,0.5906199999999999,0.0
2.28877,10.430056,0.5906199999999999,0.0
2.28877,10.440056,0.5906199999999999,0.0
2.28877,10.450056,0.5906199999999999,0.0
2.28877,10.460056,0.5906199999999999,0.0
2.28877,10.470056,0.5906199999999999,0.0
2.28877,10.480056,0.5906199999999999,0.0
2.28877,10.490056,0.5906199999999999,0.0
2.28877,10.500056,0.5906199999999999,0.0
2.28877,10.510056,0.5906199999999999,0.0
2.28877,10.520056,0.5906199999999999,0.0
2.28877,10.530056,0.5906199999999999,0.0
2.28877,10.540056,0.5906199999999999,0.0
2.28877,10.550056,0.5906199999999999,0.0
2.28877,10.560056,0.5906199999999999,0.0
2.28877,10.570056,0.5906199999999999,0.0
2.28877,10.580056,0.5906199999999999,0.0
2.28877,10.590056,0.5906199999999999,0.0
2.28877,10.600056,0.5906199999999999,0.0
2.28877,10.610056,0.5906199999999999,0.0
2.28877,10.620056,0.5906199999999999,0.0
2.28877,10.630056,0.5906199999999999,0.0
2.28877,10.640056,0.5906199999999999,0.0
2.28877,10.650056,0.5906199999999999,0.0
2.28877,10.660056,0.5906199999999999,0.0
2.28877,10.670056,0.5906199999999999,0.0
2.28877,10.680056,0.5906199999999999,0.0
2.28877,10.690056,0.5906199999999999,0.0
2.28877,10.700056,0.5906199999999999,0.0
2.28877,10.710056,0.5906199999999999,0.0
2.28877,10.720056,0.5906199999999999,0.0
2.28877,10.730056,0.5906199999999999,0.0
2.28877,10.740056,0.5906199999999999,0.0
2.28877,10.750056,0.5906199999999999,0.0
2.28877,10.760056,0.5906199999999999,0.0
2.28877,10.770056,0.5906199999999999,0.0
2.28877,10.780056,0.5906199999999999,0.0
2.28877,10.790056,0.5906199999999999,0.0
2.28877,10.800056,0.5906199999999999,0.0
2.28877,10.810056,0.5906199999999999,0.0
2.28877,10.820056,0.5906199999999999,0.0
2.28877,10.830056,0.5906199999999999,0.0
2.28877,10.840056,0.5906199999999999,0.0
2.28877,10.850056,0.5906199999999999,0.0
2.28877,10.860056,0.5906199999999999,0.0
2.28877,10.870056,0.5906199999999999,0.0
2.28877,10.88006,0.5906199999999999,0.0
2.28877,10.890056,0.5906199999999999,0.0
2.28877,10.900056,0.5906199999999999,0.0
2.28877,10.910056,0.5906199999999999,0.0
2.28877,10.920056,0.5906199999999999,0.0
2.28877,10.930056,0.5906199999999999,0.0
2.28877,10.940056,0.5906199999999999,0.0
2.28877,10.950056,0.5906199999999999,0.0
2.28877,10.960056,0.5906199999999999,0.0
2.28877,10.970056,0.5906199999999999,0.0
2.28877,10.980056,0.5906199999999999,0.0
2.28877,10.990056,0.5906199999999999,0.0
2.2320670000000002,11.000056,0.5906199999999999,0.0
2.1753639999999996,11.010056,0.5906199999999999,0.0
2.118661,11.020056,0.5906199999999999,0.0
2.061958,11.030056,0.5906199999999999,0.0
2.005255,11.040056,0.5906199999999999,0.0
1.9485519999999998,11.050056,0.5906199999999999,0.0
1.891849,11.060056,0.5906199999999999,0.0
1.835146,11.070056,0.5906199999999999,0.0
1.7784430000000002,11.080056,0.5906199999999999,0.0
1.7217399999999998,11.090056,0.5906199999999999,0.0
1.6650369999999999,11.100056,0.5906199999999999,0.0
1.6083339999999997,11.110056,0.5906199999999999,0.0
1.551631,11.120056,0.5906199999999999,0.0
1.4949279999999998,11.130056,0.5906199999999999,0.0
1.438225,11.140056,0.5906199999999999,0.0
1.3815220000000001,11.150056,0.5906199999999999,0.0
1.3248190000000002,11.160056,0.5906199999999999,0.0
1.2681160000000002,11.170056,0.5906199999999999,0.0
1.2114130000000003,11.180056,0.5906199999999999,0.0
1.1547100000000003,11.190056,0.5906199999999999,0.0
1.1547100000000003,11.200056,0.5906199999999999,0.0
1.1547100000000003,11.210056,0.5906199999999999,0.0
1.1547100000000003,11.220056,0.5906199999999999,0.0
1.1547100000000003,11.230056,0.5906199999999999,0.0
1.1547100000000003,11.240056,0.5906199999999999,0.0
1.1547100000000003,11.250056,0.5906199999999999,0.0
1.1547100000000003,11.260056,0.5906199999999999,0.0
1.1547100000000003,11.270056,0.5906199999999999,0.0
1.1547100000000003,11.280056,0.5906199999999999,0.0
1.1547100000000003,11.290056,0.5906199999999999,0.0
1.1547100000000003,11.300056,0.5906199999999999,0.0
1.1547100000000003,11.310056,0.5906199999999999,0.0
1.1547100000000003,11.320056,0.5906199999999999,0.0
1.1547100000000003,11.330056,0.5906199999999999,0.0
1.1547100000000003,11.340056,0.5906199999999999,0.0
1.1547100000000003,11.350056,0.5906199999999999,0.0
1.1547100000000003,11.360056,0.5906199999999999,0.0
1.1547100000000003,11.370056,0.5906199999999999,0.0
1.1547100000000003,11.380056,0.5906199999999999,0.0
1.1547100000000003,11.390056,0.5906199999999999,0.0
1.1547100000000003,11.400056,0.5906199999999999,0.0
1.1547100000000003,11.410056,0.5906199999999999,0.0
1.1547100000000003,11.420056,0.5906199999999999,0.0
1.1547100000000003,11.430056,0.5906199999999999,0.0
1.1547100000000003,11.440056,0.5906199999999999,0.0
1.1547100000000003,11.450056,0.5906199999999999,0.0
1.1547100000000003,11.460056,0.5906199999999999,0.0
1.1547100000000003,11.470056,0.5906199999999999,0.0
1.1547100000000003,11.480056,0.5906199999999999,0.0
1.1547100000000003,11.490056,0.5906199999999999,0.0
1.1547100000000003,11.500056,0.5906199999999999,0.0
1.1547100000000003,11.510056,0.5906199999999999,0.0
1.1547100000000003,11.52006,0.5906199999999999,0.0
1.1547100000000003,11.530056,0.5906199999999999,0.0
1.1547100000000003,11.540056,0.5906199999999999,0.0
1.1547100000000003,11.550056,0.5906199999999999,0.0
1.1547100000000003,11.560056,0.5906199999999999,0.0
1.1547100000000003,11.570056,0.5906199999999999,0.0
1.1547100000000003,11.580056,0.5906199999999999,0.0
1.1547100000000003,11.590056,0.5906199999999999,0.0
1.1547100000000003,11.600056,0.5906199999999999,0.0
1.1547100000000003,11.610056,0.5906199999999999,0.0
1.1547100000000003,11.620056,0.5906199999999999,0.0
1.1547100000000003,11.630056,0.5906199999999999,0.0
1.1547100000000003,11.640056,0.5906199999999999,0.0
1.1547100000000003,11.650056,0.5906199999999999,0.0
1.1547100000000003,11.660056,0.5906199999999999,0.0
1.1547100000000003,11.670056,0.5906199999999999,0.0
1.1547100000000003,11.680056,0.5906199999999999,0.0
1.1547100000000003,11.690056,0.5906199999999999,0.0
1.1547100000000003,11.700056,0.5906199999999999,0.0
1.1547100000000003,11.710056,0.5906199999999999,0.0
1.1547100000000003,11.720056,0.5906199999999999,0.0
1.1547100000000003,11.730056,0.5906199999999999,0.0
1.1547100000000003,11.740056,0.5906199999999999,0.0
1.1547100000000003,11.750056,0.5906199999999999,0.0
1.1547100000000003,11.760056,0.5906199999999999,0.0
1.1547100000000003,11.770056,0.5906199999999999,0.0
1.1547100000000003,11.780056,0.5906199999999999,0.0
1.1547100000000003,11.790056,0.5906199999999999,0.0
1.1547100000000003,11.800056,0.5906199999999999,0.0
1.1547100000000003,11.810056,0.5906199999999999,0.0
1.1547100000000003,11.820056,0.5906199999999999,0.0
1.1547100000000003,11.830056,0.5906199999999999,0.0
1.1547100000000003,11.840056,0.5906199999999999,0.0
1.1547100000000003,11.850056,0.5906199999999999,0.0
1.1547100000000003,11.860056,0.5906199999999999,0.0
1.1547100000000003,11.870056,0.5906199999999999,0.0
1.1547100000000003,11.880056,0.5906199999999999,0.0
1.1547100000000003,11.890056,0.5906199999999999,0.0
1.1547100000000003,11.900056,0.5906199999999999,0.0
1.1547100000000003,11.910056,0.5906199999999999,0.0
1.1547100000000003,11.920056,0.5906199999999999,0.0
1.1547100000000003,11.930056,0.5906199999999999,0.0
1.1547100000000003,11.940056,0.5906199999999999,0.0
1.1547100000000003,11.950056,0.5906199999999999,0.0
1.1547100000000003,11.960056,0.5906199999999999,0.0
1.1547100000000003,11.970056,0.5906199999999999,0.0
1.1547100000000003,11.980056,0.5906199999999999,0.0
1.1547100000000003,11.990056,0.5906199999999999,0.0
1.1547100000000003,12.000056,0.5906199999999999,0.0
1.1547100000000003,12.010056,0.5906199999999999,0.0
1.1547100000000003,12.020056,0.5906199999999999,0.0
1.1547100000000003,12.030056,0.5906199999999999,0.0
1.1547100000000003,12.040056,0.5906199999999999,0.0
1.1547100000000003,12.050056,0.5906199999999999,0.0
1.1547100000000003,12.060056,0.5906199999999999,0.0
1.1547100000000003,12.070056,0.5906199999999999,0.0
1.1547100000000003,12.080056,0.5906199999999999,0.0
1.1547100000000003,12.090056,0.5906199999999999,0.0
1.1547100000000003,12.100056,0.5906199999999999,0.0
1.1547100000000003,12.110056,0.5906199999999999,0.0
1.1547100000000003,12.120056,0.5906199999999999,0.0
1.1547100000000003,12.130056,0.5906199999999999,0.0
1.1547100000000003,12.140056,0.5906199999999999,0.0
1.1547100000000003,12.150056,0.5906199999999999,0.0
1.1547100000000003,12.16006,0.5906199999999999,0.0
1.1547100000000003,12.170056,0.5906199999999999,0.0
1.1547100000000003,12.180056,0.5906199999999999,0.0
1.1547100000000003,12.190056,0.5906199999999999,0.0
1.1547100000000003,12.200056,0.5906199999999999,0.0
1.1547100000000003,12.210056,0.5906199999999999,0.0
1.1547100000000003,12.220056,0.5906199999999999,0.0
1.1547100000000003,12.230056,0.5906199999999999,0.0
1.1547100000000003,12.240056,0.5906199999999999,0.0
1.1547100000000003,12.250056,0.5906199999999999,0.0
1.1547100000000003,12.260056,0.5906199999999999,0.0
1.1547100000000003,12.270056,0.5906199999999999,0.0
1.1547100000000003,12.280056,0.5906199999999999,0.0
1.1547100000000003,12.290056,0.5906199999999999,0.0
1.1547100000000003,12.300056,0.5906199999999999,0.0
1.1547100000000003,12.310056,0.5906199999999999,0.0
1.1547100000000003,12.320056,0.5906199999999999,0.0
1.1547100000000003,12.330056,0.5906199999999999,0.0
1.1547100000000003,12.340056,0.5906199999999999,0.0
1.1547100000000003,12.350056,0.5906199999999999,0.0
1.1547100000000003,12.360056,0.5906199999999999,0.0
1.1547100000000003,12.370056,0.5906199999999999,0.0
1.1547100000000003,12.380056,0.5906199999999999,0.0
1.1547100000000003,12.390056,0.5906199999999999,0.0
1.1547100000000003,12.400056,0.5906199999999999,0.0
1.1547100000000003,12.410056,0.5906199999999999,0.0
1.1547100000000003,12.420056,0.5906199999999999,0.0
1.1547100000000003,12.430056,0.5906199999999999,0.0
1.1547100000000003,12.440056,0.5906199999999999,0.0
1.1547100000000003,12.450056,0.5906199999999999,0.0
1.1547100000000003,12.460056,0.5906199999999999,0.0
1.1547100000000003,12.470056,0.5906199999999999,0.0
1.1547100000000003,12.480056,0.5906199999999999,0.0
1.1547100000000003,12.490056,0.5906199999999999,0.0
1.1547100000000003,12.500056,0.5906199999999999,0.0
1.1547100000000003,12.510056,0.5906199999999999,0.0
1.1547100000000003,12.520056,0.5906199999999999,0.0
1.1547100000000003,12.530056,0.5906199999999999,0.0
1.1547100000000003,12.540056,0.5906199999999999,0.0
1.1547100000000003,12.550056,0.5906199999999999,0.0
1.1547100000000003,12.560056,0.5906199999999999,0.0
1.1547100000000003,12.570056,0.5906199999999999,0.0
1.1547100000000003,12.580056,0.5906199999999999,0.0
1.1547100000000003,12.590056,0.5906199999999999,0.0
1.1547100000000003,12.600056,0.5906199999999999,0.0
1.1547100000000003,12.610056,0.5906199999999999,0.0
1.1547100000000003,12.620056,0.5906199999999999,0.0
1.1547100000000003,12.630056,0.5906199999999999,0.0
1.1547100000000003,12.640056,0.5906199999999999,0.0
1.1547100000000003,12.650056,0.5906199999999999,0.0
1.1547100000000003,12.660056,0.5906199999999999,0.0
1.1547100000000003,12.670056,0.5906199999999999,0.0
1.1547100000000003,12.680056,0.5906199999999999,0.0
1.1547100000000003,12.690056,0.5906199999999999,0.0
1.1547100000000003,12.700056,0.5906199999999999,0.0
1.1547100000000003,12.710056,0.5906199999999999,0.0
1.1547100000000003,12.720056,0.5906199999999999,0.0
1.1547100000000003,12.730056,0.5906199999999999,0.0
1.1547100000000003,12.740056,0.5906199999999999,0.0
1.1547100000000003,12.750056,0.5906199999999999,0.0
1.1547100000000003,12.760056,0.5906199999999999,0.0
1.1547100000000003,12.770056,0.5906199999999999,0.0
1.1547100000000003,12.780056,0.5906199999999999,0.0
1.1547100000000003,12.790056,0.5906199999999999,0.0
1.1547100000000003,12.80006,0.5906199999999999,0.0
1.1547100000000003,12.810056,0.5906199999999999,0.0
1.1547100000000003,12.820056,0.5906199999999999,0.0
1.1547100000000003,12.830056,0.5906199999999999,0.0
1.1547100000000003,12.840056,0.5906199999999999,0.0
1.1547100000000003,12.850056,0.5906199999999999,0.0
1.1547100000000003,12.860056,0.5906199999999999,0.0
1.1547100000000003,12.870056,0.5906199999999999,0.0
1.1547100000000003,12.880056,0.5906199999999999,0.0
1.1547100000000003,12.890056,0.5906199999999999,0.0
1.1547100000000003,12.900056,0.5906199999999999,0.0
1.1547100000000003,12.910056,0.5906199999999999,0.0
1.1547100000000003,12.920056,0.5906199999999999,0.0
1.1547100000000003,12.930056,0.5906199999999999,0.0
1.1547100000000003,12.940056,0.5906199999999999,0.0
1.1547100000000003,12.950056,0.5906199999999999,0.0
1.1547100000000003,12.960056,0.5906199999999999,0.0
1.1547100000000003,12.970056,0.5906199999999999,0.0
1.1547100000000003,12.980056,0.5906199999999999,0.0
1.1547100000000003,12.990056,0.5906199999999999,0.0
1.3379695000000005,13.000056,0.5906199999999999,0.0
1.5209150000000005,13.01008,0.590934,0.0
1.7028395000000007,13.020088,0.5922689999999999,0.0
1.8829575000000007,13.030084,0.5954105,0.0
2.060640500000001,13.040084,0.6009869999999999,0.0
2.235339000000001,13.050084,0.609548,0.0
2.4068175000000007,13.060084,0.6213289999999999,0.0
2.574919000000001,13.070084,0.6364869999999998,0.0
2.7392505000000007,13.080084,0.6554149999999999,0.0
2.899498000000001,13.090084,0.6784269999999998,0.0
3.0552685000000004,13.100084,0.7059159999999998,0.0
3.206248000000001,13.110084,0.7381959999999997,0.0
3.3522010000000004,13.120084,0.7755024999999998,0.0
3.4928920000000008,13.130084,0.8180709999999998,0.0
3.6281634999999994,13.140084,0.8660590000000001,0.0
3.757780499999999,13.150084,0.9197015000000003,0.0
3.8815854999999995,13.160084,0.9791560000000002,0.0
3.9994215,13.170084,1.0445795000000002,0.0
4.1110525,13.180084,1.116208,0.0
4.216400500000001,13.190084,1.1941195,0.0
4.132049,13.200092,1.2784710000000001,0.0
4.041414,13.210084,1.3691060000000004,0.0
3.945124,13.2201,1.4653960000000001,0.0
3.843886000000001,13.230084,1.5666340000000003,0.0
3.7382500000000003,13.240084,1.6722700000000001,0.0
3.6286869999999993,13.250084,1.7818330000000004,0.0
3.5158255,13.260084,1.8946945000000008,0.0
3.4009999999999994,13.270084,2.0095200000000006,0.0
3.2860175,13.27906,2.1245025000000006,0.0
3.172449,13.28906,2.2380715,0.0
3.0615509999999997,13.29906,2.3489695000000004,0.0
2.954423,13.30906,2.4560975000000003,0.0
2.8520855,13.31904,2.5584350000000002,0.0
2.75501,13.329032,2.6555105,0.0
2.663354,13.339032,2.7471665000000005,0.0
2.5773525,13.349032,2.8331680000000006,0.0
2.497163,13.359032,2.9133575,0.0
2.4229425,13.369032,2.987578,0.0
2.354927,13.379032,3.0555935,0.0
2.2931945,13.389032,3.117326,0.0
2.237902,13.399032,3.1726184999999996,0.0
2.189207,13.409032,3.2213134999999995,0.0
2.1471880000000003,13.419032,3.2633324999999993,0.0
2.1119235,13.429032,3.2985969999999996,0.0
2.083492,13.439036,3.3270284999999995,0.0
2.0619720000000004,13.449032,3.3485484999999997,0.0
2.0469705,13.459032,3.3635499999999996,0.0
2.03731,13.469032,3.3732105,0.0
2.0315765,13.479032,3.3789439999999993,0.0
2.028513,13.489032,3.3820069999999998,0.0
2.027256,13.499032,3.383264,0.0
2.02702,13.509032,3.3834999999999997,0.0
2.02702,13.519032,3.3834999999999997,0.0
2.02702,13.529032,3.3834999999999997,0.0
2.02702,13.539032,3.3834999999999997,0.0
2.02702,13.549032,3.3834999999999997,0.0
2.02702,13.559032,3.3834999999999997,0.0
2.02702,13.569032,3.3834999999999997,0.0
2.02702,13.579032,3.3834999999999997,0.0
2.02702,13.589032,3.3834999999999997,0.0
2.02702,13.599032,3.3834999999999997,0.0
2.02702,13.609032,3.3834999999999997,0.0
2.02702,13.619032,3.3834999999999997,0.0
2.02702,13.629032,3.3834999999999997,0.0
2.02702,13.639032,3.3834999999999997,0.0
2.02702,13.649032,3.3834999999999997,0.0
2.02702,13.659032,3.3834999999999997,0.0
2.02702,13.669032,3.3834999999999997,0.0
2.02702,13.679032,3.3834999999999997,0.0
2.02702,13.689032,3.3834999999999997,0.0
2.02702,13.699032,3.3834999999999997,0.0
2.02702,13.709032,3.3834999999999997,0.0
2.02702,13.719032,3.3834999999999997,0.0
2.02702,13.729032,3.3834999999999997,0.0
2.02702,13.739032,3.3834999999999997,0.0
2.02702,13.749032,3.3834999999999997,0.0
2.02702,13.759032,3.3834999999999997,0.0
2.02702,13.769032,3.3834999999999997,0.0
2.02702,13.779032,3.3834999999999997,0.0
2.02702,13.789032,3.3834999999999997,0.0
2.02702,13.799032,3.3834999999999997,0.0
2.02702,13.809032,3.3834999999999997,0.0
2.02702,13.819032,3.3834999999999997,0.0
2.02702,13.829032,3.3834999999999997,0.0
2.02702,13.839032,3.3834999999999997,0.0
2.02702,13.849032,3.3834999999999997,0.0
2.02702,13.859032,3.3834999999999997,0.0
2.02702,13.869032,3.3834999999999997,0.0
2.02702,13.879032,3.3834999999999997,0.0
2.02702,13.889032,3.3834999999999997,0.0
2.02702,13.899032,3.3834999999999997,0.0
2.02702,13.909032,3.3834999999999997,0.0
2.02702,13.919032,3.3834999999999997,0.0
2.02702,13.929032,3.3834999999999997,0.0
2.02702,13.939032,3.3834999999999997,0.0
2.02702,13.949032,3.3834999999999997,0.0
2.02702,13.959032,3.3834999999999997,0.0
2.02702,13.969032,3.3834999999999997,0.0
2.02702,13.979032,3.3834999999999997,0.0
2.02702,13.989032,3.3834999999999997,0.0
2.02702,13.999032,3.3834999999999997,0.0
2.02702,14.009032,3.3834999999999997,0.0
2.02702,14.019032,3.3834999999999997,0.0
2.02702,14.029032,3.3834999999999997,0.0
2.02702,14.039032,3.3834999999999997,0.0
2.02702,14.049032,3.3834999999999997,0.0
2.02702,14.059032,3.3834999999999997,0.0
2.02702,14.069032,3.3834999999999997,0.0
2.02702,14.079036,3.3834999999999997,0.0
2.02702,14.089032,3.3834999999999997,0.0
2.02702,14.099032,3.3834999999999997,0.0
2.02702,14.109032,3.3834999999999997,0.0
2.02702,14.119032,3.3834999999999997,0.0
2.02702,14.129032,3.3834999999999997,0.0
2.02702,14.139032,3.3834999999999997,0.0
2.02702,14.149032,3.3834999999999997,0.0
2.02702,14.159032,3.3834999999999997,0.0
2.02702,14.169032,3.3834999999999997,0.0
2.02702,14.179032,3.3834999999999997,0.0
2.02702,14.189032,3.3834999999999997,0.0
2.02702,14.199032,3.3834999999999997,0.0
2.02702,14.209032,3.3834999999999997,0.0
2.02702,14.219032,3.3834999999999997,0.0
2.02702,14.229032,3.3834999999999997,0.0
2.02702,14.239032,3.3834999999999997,0.0
2.02702,14.249032,3.3834999999999997,0.0
2.02702,14.259032,3.3834999999999997,0.0
2.02702,14.269032,3.3834999999999997,0.0
2.02702,14.279032,3.3834999999999997,0.0
2.02702,14.289032,3.3834999999999997,0.0
2.02702,14.299032,3.3834999999999997,0.0
2.02702,14.309032,3.3834999999999997,0.0
2.02702,14.319032,3.3834999999999997,0.0
2.02702,14.329032,3.3834999999999997,0.0
2.02702,14.339032,3.3834999999999997,0.0
2.02702,14.349032,3.3834999999999997,0.0
2.02702,14.359032,3.3834999999999997,0.0
2.02702,14.369032,3.3834999999999997,0.0
2.02702,14.379032,3.3834999999999997,0.0
2.02702,14.389032,3.3834999999999997,0.0
2.02702,14.399032,3.3834999999999997,0.0
2.02702,14.409032,3.3834999999999997,0.0
2.02702,14.419032,3.3834999999999997,0.0
2.02702,14.429032,3.3834999999999997,0.0
2.02702,14.439032,3.3834999999999997,0.0
2.02702,14.449032,3.3834999999999997,0.0
2.02702,14.459032,3.3834999999999997,0.0
2.02702,14.469032,3.3834999999999997,0.0
2.02702,14.479032,3.3834999999999997,0.0
2.02702,14.489032,3.3834999999999997,0.0
2.02702,14.499032,3.3834999999999997,0.0
2.02702,14.509032,3.3834999999999997,0.0
2.02702,14.519032,3.3834999999999997,0.0
2.02702,14.529032,3.3834999999999997,0.0
2.02702,14.539032,3.3834999999999997,0.0
2.02702,14.549032,3.3834999999999997,0.0
2.02702,14.559032,3.3834999999999997,0.0
2.02702,14.569032,3.3834999999999997,0.0
2.02702,14.579032,3.3834999999999997,0.0
2.02702,14.589032,3.3834999999999997,0.0
2.02702,14.599032,3.3834999999999997,0.0
2.02702,14.609032,3.3834999999999997,0.0
2.02702,14.619032,3.3834999999999997,0.0
2.02702,14.629032,3.3834999999999997,0.0
2.02702,14.639032,3.3834999999999997,0.0
2.02702,14.649032,3.3834999999999997,0.0
2.02702,14.659032,3.3834999999999997,0.0
2.02702,14.669032,3.3834999999999997,0.0
2.02702,14.679032,3.3834999999999997,0.0
2.02702,14.689032,3.3834999999999997,0.0
2.02702,14.699032,3.3834999999999997,0.0
2.02702,14.709032,3.3834999999999997,0.0
2.02702,14.719036,3.3834999999999997,0.0
2.02702,14.729032,3.3834999999999997,0.0
2.02702,14.739032,3.3834999999999997,0.0
2.02702,14.749032,3.3834999999999997,0.0
2.02702,14.759032,3.3834999999999997,0.0
2.02702,14.769032,3.3834999999999997,0.0
2.02702,14.779032,3.3834999999999997,0.0
2.02702,14.789032,3.3834999999999997,0.0
2.02702,14.799032,3.3834999999999997,0.0
2.02702,14.809032,3.3834999999999997,0.0
2.02702,14.819032,3.3834999999999997,0.0
2.02702,14.829032,3.3834999999999997,0.0
2.02702,14.839032,3.3834999999999997,0.0
2.02702,14.849032,3.3834999999999997,0.0
2.02702,14.859032,3.3834999999999997,0.0
2.02702,14.869032,3.3834999999999997,0.0
2.02702,14.879032,3.3834999999999997,0.0
2.02702,14.889032,3.3834999999999997,0.0
2.02702,14.899032,3.3834999999999997,0.0
2.02702,14.909032,3.3834999999999997,0.0
2.02702,14.919032,3.3834999999999997,0.0
2.02702,14.929032,3.3834999999999997,0.0
2.02702,14.939032,3.3834999999999997,0.0
2.02702,14.949032,3.3834999999999997,0.0
2.02702,14.959032,3.3834999999999997,0.0
2.02702,14.969032,3.3834999999999997,0.0
2.02702,14.979032,3.3834999999999997,0.0
2.02702,14.989032,3.3834999999999997,0.0
2.02702,14.999032,3.3834999999999997,0.0
1.9572070000000001,15.009032,3.3834999999999997,0.0
1.8873940000000002,15.019032,3.3834999999999997,0.0
1.8175810000000003,15.029032,3.3834999999999997,0.0
1.747768,15.039032,3.3834999999999997,0.0
1.677955,15.049032,3.3834999999999997,0.0
1.6081420000000002,15.059032,3.3834999999999997,0.0
1.538329,15.069032,3.3834999999999997,0.0
1.4685160000000002,15.079032,3.3834999999999997,0.0
1.3987030000000003,15.089032,3.3834999999999997,0.0
1.3288900000000003,15.099032,3.3834999999999997,0.0
1.2590770000000002,15.109032,3.3834999999999997,0.0
1.1892640000000003,15.119032,3.3834999999999997,0.0
1.1194510000000002,15.129032,3.3834999999999997,0.0
1.0496380000000003,15.139032,3.3834999999999997,0.0
0.9798250000000002,15.149032,3.3834999999999997,0.0
0.9100120000000003,15.159032,3.3834999999999997,0.0
0.8401990000000001,15.169032,3.3834999999999997,0.0
0.7703860000000002,15.179032,3.3834999999999997,0.0
0.7005730000000003,15.189032,3.3834999999999997,0.0
0.6307600000000003,15.199032,3.3834999999999997,0.0
0.6307600000000003,15.209032,3.3834999999999997,0.0
0.6307600000000003,15.219032,3.3834999999999997,0.0
0.6307600000000003,15.229032,3.3834999999999997,0.0
0.6307600000000003,15.239032,3.3834999999999997,0.0
0.6307600000000003,15.249032,3.3834999999999997,0.0
0.6307600000000003,15.259032,3.3834999999999997,0.0
0.6307600000000003,15.269032,3.3834999999999997,0.0
0.6307600000000003,15.279032,3.3834999999999997,0.0
0.6307600000000003,15.289032,3.3834999999999997,0.0
0.6307600000000003,15.299032,3.3834999999999997,0.0
0.6307600000000003,15.309032,3.3834999999999997,0.0
0.6307600000000003,15.319032,3.3834999999999997,0.0
0.6307600000000003,15.329032,3.3834999999999997,0.0
0.6307600000000003,15.339032,3.3834999999999997,0.0
0.6307600000000003,15.349032,3.3834999999999997,0.0
0.6307600000000003,15.359036,3.3834999999999997,0.0
0.6307600000000003,15.369032,3.3834999999999997,0.0
0.6307600000000003,15.379032,3.3834999999999997,0.0
0.6307600000000003,15.389032,3.3834999999999997,0.0
0.6307600000000003,15.399032,3.3834999999999997,0.0
0.6307600000000003,15.409032,3.3834999999999997,0.0
0.6307600000000003,15.419032,3.3834999999999997,0.0
0.6307600000000003,15.429032,3.3834999999999997,0.0
0.6307600000000003,15.439032,3.3834999999999997,0.0
0.6307600000000003,15.449032,3.3834999999999997,0.0
0.6307600000000003,15.459032,3.3834999999999997,0.0
0.6307600000000003,15.469032,3.3834999999999997,0.0
0.6307600000000003,15.479032,3.3834999999999997,0.0
0.6307600000000003,15.489032,3.3834999999999997,0.0
0.6307600000000003,15.499032,3.3834999999999997,0.0
0.6307600000000003,15.509032,3.3834999999999997,0.0
0.6307600000000003,15.519032,3.3834999999999997,0.0
0.6307600000000003,15.529032,3.3834999999999997,0.0
0.6307600000000003,15.539032,3.3834999999999997,0.0
0.6307600000000003,15.549032,3.3834999999999997,0.0
0.6307600000000003,15.559032,3.3834999999999997,0.0
0.6307600000000003,15.569032,3.3834999999999997,0.0
0.6307600000000003,15.579032,3.3834999999999997,0.0
0.6307600000000003,15.589032,3.3834999999999997,0.0
0.6307600000000003,15.599032,3.3834999999999997,0.0
0.6307600000000003,15.609032,3.3834999999999997,0.0
0.6307600000000003,15.619032,3.3834999999999997,0.0
0.6307600000000003,15.629032,3.3834999999999997,0.0
0.6307600000000003,15.639032,3.3834999999999997,0.0
0.6307600000000003,15.649032,3.3834999999999997,0.0
0.6307600000000003,15.659032,3.3834999999999997,0.0
0.6307600000000003,15.669032,3.3834999999999997,0.0
0.6307600000000003,15.679032,3.3834999999999997,0.0
0.6307600000000003,15.689032,3.3834999999999997,0.0
0.6307600000000003,15.699032,3.3834999999999997,0.0
0.6307600000000003,15.709032,3.3834999999999997,0.0
0.6307600000000003,15.719032,3.3834999999999997,0.0
0.6307600000000003,15.729032,3.3834999999999997,0.0
0.6307600000000003,15.739032,3.3834999999999997,0.0
0.6307600000000003,15.749032,3.3834999999999997,0.0
0.6307600000000003,15.759032,3.3834999999999997,0.0
0.6307600000000003,15.769032,3.3834999999999997,0.0
0.6307600000000003,15.779032,3.3834999999999997,0.0
0.6307600000000003,15.789032,3.3834999999999997,0.0
0.6307600000000003,15.799032,3.3834999999999997,0.0
0.6307600000000003,15.809032,3.3834999999999997,0.0
0.6307600000000003,15.819032,3.3834999999999997,0.0
0.6307600000000003,15.829032,3.3834999999999997,0.0
0.6307600000000003,15.839032,3.3834999999999997,0.0
0.6307600000000003,15.849032,3.3834999999999997,0.0
0.6307600000000003,15.859032,3.3834999999999997,0.0
0.6307600000000003,15.869032,3.3834999999999997,0.0
0.6307600000000003,15.879032,3.3834999999999997,0.0
0.6307600000000003,15.889032,3.3834999999999997,0.0
0.6307600000000003,15.899032,3.3834999999999997,0.0
0.6307600000000003,15.909032,3.3834999999999997,0.0
0.6307600000000003,15.919032,3.3834999999999997,0.0
0.6307600000000003,15.929032,3.3834999999999997,0.0
0.6307600000000003,15.939032,3.3834999999999997,0.0
0.6307600000000003,15.949032,3.3834999999999997,0.0
0.6307600000000003,15.959032,3.3834999999999997,0.0
0.6307600000000003,15.969032,3.3834999999999997,0.0
0.6307600000000003,15.979032,3.3834999999999997,0.0
0.6307600000000003,15.989032,3.3834999999999997,0.0
0.6307600000000003,15.999036,3.3834999999999997,0.0
0.6307600000000003,16.009032,3.3834999999999997,0.0
0.6307600000000003,16.019032,3.3834999999999997,0.0
0.6307600000000003,16.029032,3.3834999999999997,0.0
0.6307600000000003,16.039032,3.3834999999999997,0.0
0.6307600000000003,16.049032,3.3834999999999997,0.0
0.6307600000000003,16.059032,3.3834999999999997,0.0
0.6307600000000003,16.069032,3.3834999999999997,0.0
0.6307600000000003,16.079032,3.3834999999999997,0.0
0.6307600000000003,16.089032,3.3834999999999997,0.0
0.6307600000000003,16.099032,3.3834999999999997,0.0
0.6307600000000003,16.109032,3.3834999999999997,0.0
0.6307600000000003,16.119032,3.3834999999999997,0.0
0.6307600000000003,16.129032,3.3834999999999997,0.0
0.6307600000000003,16.139032,3.3834999999999997,0.0
0.6307600000000003,16.149032,3.3834999999999997,0.0
0.6307600000000003,16.159032,3.3834999999999997,0.0
0.6307600000000003,16.169032,3.3834999999999997,0.0
0.6307600000000003,16.179032,3.3834999999999997,0.0
0.6307600000000003,16.189032,3.3834999999999997,0.0
0.6307600000000003,16.199032,3.3834999999999997,0.0
0.6307600000000003,16.209032,3.3834999999999997,0.0
0.6307600000000003,16.219032,3.3834999999999997,0.0
0.6307600000000003,16.229032,3.3834999999999997,0.0
0.6307600000000003,16.239032,3.3834999999999997,0.0
0.6307600000000003,16.249032,3.3834999999999997,0.0
0.6307600000000003,16.259032,3.3834999999999997,0.0
0.6307600000000003,16.269032,3.3834999999999997,0.0
0.6307600000000003,16.279032,3.3834999999999997,0.0
0.6307600000000003,16.289032,3.3834999999999997,0.0
0.6307600000000003,16.299032,3.3834999999999997,0.0
0.6307600000000003,16.309032,3.3834999999999997,0.0
0.6307600000000003,16.319032,3.3834999999999997,0.0
0.6307600000000003,16.329032,3.3834999999999997,0.0
0.6307600000000003,16.339032,3.3834999999999997,0.0
0.6307600000000003,16.349032,3.3834999999999997,0.0
0.6307600000000003,16.359032,3.3834999999999997,0.0
0.6307600000000003,16.369032,3.3834999999999997,0.0
0.6307600000000003,16.379032,3.3834999999999997,0.0
0.6307600000000003,16.389032,3.3834999999999997,0.0
0.6307600000000003,16.399032,3.3834999999999997,0.0
0.6307600000000003,16.409032,3.3834999999999997,0.0
0.6307600000000003,16.419032,3.3834999999999997,0.0
0.6307600000000003,16.429032,3.3834999999999997,0.0
0.6307600000000003,16.439032,3.3834999999999997,0.0
0.6307600000000003,16.449032,3.3834999999999997,0.0
0.6307600000000003,16.459032,3.3834999999999997,0.0
0.6307600000000003,16.469032,3.3834999999999997,0.0
0.6307600000000003,16.479032,3.3834999999999997,0.0
0.6307600000000003,16.489032,3.3834999999999997,0.0
0.6307600000000003,16.499032,3.3834999999999997,0.0
0.6307600000000003,16.509032,3.3834999999999997,0.0
0.6307600000000003,16.519032,3.3834999999999997,0.0
0.6307600000000003,16.529032,3.3834999999999997,0.0
0.6307600000000003,16.539032,3.3834999999999997,0.0
0.6307600000000003,16.549032,3.3834999999999997,0.0
0.6307600000000003,16.559032,3.3834999999999997,0.0
0.6307600000000003,16.569032,3.3834999999999997,0.0
0.6307600000000003,16.579032,3.3834999999999997,0.0
0.6307600000000003,16.589032,3.3834999999999997,0.0
0.6307600000000003,16.599032,3.3834999999999997,0.0
0.6307600000000003,16.609032,3.3834999999999997,0.0
0.6307600000000003,16.619032,3.3834999999999997,0.0
0.6307600000000003,16.629032,3.3834999999999997,0.0
0.6307600000000003,16.639036,3.3834999999999997,0.0
0.6307600000000003,16.649032,3.3834999999999997,0.0
0.6307600000000003,16.659032,3.3834999999999997,0.0
0.6307600000000003,16.669032,3.3834999999999997,0.0
0.6307600000000003,16.679032,3.3834999999999997,0.0
0.6307600000000003,16.689032,3.3834999999999997,0.0
0.6307600000000003,16.699032,3.3834999999999997,0.0
0.6307600000000003,16.709032,3.3834999999999997,0.0
0.6307600000000003,16.719032,3.3834999999999997,0.0
0.6307600000000003,16.729032,3.3834999999999997,0.0
0.6307600000000003,16.739032,3.3834999999999997,0.0
0.6307600000000003,16.749032,3.3834999999999997,0.0
0.6307600000000003,16.759032,3.3834999999999997,0.0
0.6307600000000003,16.769032,3.3834999999999997,0.0
0.6307600000000003,16.779032,3.3834999999999997,0.0
0.6307600000000003,16.789032,3.3834999999999997,0.0
0.6307600000000003,16.799032,3.3834999999999997,0.0
0.6307600000000003,16.809032,3.3834999999999997,0.0
0.6307600000000003,16.819032,3.3834999999999997,0.0
0.6307600000000003,16.829032,3.3834999999999997,0.0
0.6307600000000003,16.839032,3.3834999999999997,0.0
0.6307600000000003,16.849032,3.3834999999999997,0.0
0.6307600000000003,16.859032,3.3834999999999997,0.0
0.6307600000000003,16.869032,3.3834999999999997,0.0
0.6307600000000003,16.879032,3.3834999999999997,0.0
0.6307600000000003,16.889032,3.3834999999999997,0.0
0.6307600000000003,16.899032,3.3834999999999997,0.0
0.6307600000000003,16.909032,3.3834999999999997,0.0
0.6307600000000003,16.919032,3.3834999999999997,0.0
0.6307600000000003,16.929032,3.3834999999999997,0.0
0.6307600000000003,16.939032,3.3834999999999997,0.0
0.6307600000000003,16.949032,3.3834999999999997,0.0
0.6307600000000003,16.959032,3.3834999999999997,0.0
0.6307600000000003,16.969032,3.3834999999999997,0.0
0.6307600000000003,16.979032,3.3834999999999997,0.0
0.6307600000000003,16.989032,3.3834999999999997,0.0
0.6307600000000003,16.999032,3.3834999999999997,0.0
0.46931700000000015,17.009032,3.3834999999999997,0.0
0.30826700000000007,17.019052,3.383107,0.0
0.1485520000000001,17.02906,3.381379,0.0
-0.009120999999999824,17.039064,3.3776089999999996,0.0
-0.1647519999999998,17.049064,3.3717969999999995,0.0
-0.3186549999999998,17.05906,3.3642569999999994,0.0
-0.47153699999999993,17.06906,3.355696,0.0
-0.6241835000000004,17.07904,3.3468994999999993,0.0
-0.7768300000000008,17.089032,3.338103,0.0
-0.9294765000000009,17.099032,3.3293064999999995,0.0
-1.0821230000000008,17.109032,3.3205099999999996,0.0
-1.234769500000001,17.119032,3.3117134999999993,0.0
-1.3874160000000009,17.129032,3.3029169999999994,0.0
-1.5400625000000003,17.139032,3.294120499999999,0.0
-1.692709,17.149032,3.2853239999999992,0.0
-1.8453555000000001,17.159032,3.276527499999999,0.0
-1.9980020000000005,17.169032,3.2677309999999995,0.0
-2.1506485000000004,17.179032,3.2589344999999987,0.0
-2.3032950000000008,17.189032,3.2501379999999993,0.0
-2.455941500000001,17.199032,3.241341499999999,0.0
-2.447145000000001,17.209032,3.232544999999999,0.0
-2.438741500000001,17.219032,3.224141499999999,0.0
-2.431673000000001,17.229032,3.2170729999999987,0.0
-2.426646500000001,17.239032,3.212046499999999,0.0
-2.4236620000000006,17.249032,3.209061999999999,0.0
-2.422405500000001,17.259032,3.2078054999999988,0.0
-2.422170000000001,17.269032,3.2075699999999987,0.0
-2.422170000000001,17.279036,3.2075699999999987,0.0
-2.422170000000001,17.289032,3.2075699999999987,0.0
-2.422170000000001,17.299032,3.2075699999999987,0.0
-2.422170000000001,17.309032,3.2075699999999987,0.0
-2.422170000000001,17.319032,3.2075699999999987,0.0
-2.422170000000001,17.329032,3.2075699999999987,0.0
-2.422170000000001,17.339032,3.2075699999999987,0.0
-2.422170000000001,17.349032,3.2075699999999987,0.0
-2.422170000000001,17.359032,3.2075699999999987,0.0
-2.422170000000001,17.369032,3.2075699999999987,0.0
-2.422170000000001,17.379032,3.2075699999999987,0.0
-2.422170000000001,17.389032,3.2075699999999987,0.0
-2.422170000000001,17.399032,3.2075699999999987,0.0
-2.422170000000001,17.409032,3.2075699999999987,0.0
-2.422170000000001,17.419032,3.2075699999999987,0.0
-2.422170000000001,17.429032,3.2075699999999987,0.0
-2.422170000000001,17.439032,3.2075699999999987,0.0
-2.422170000000001,17.449032,3.2075699999999987,0.0
-2.422170000000001,17.459032,3.2075699999999987,0.0
-2.422170000000001,17.469032,3.2075699999999987,0.0
-2.422170000000001,17.479032,3.2075699999999987,0.0
-2.422170000000001,17.489032,3.2075699999999987,0.0
-2.422170000000001,17.499032,3.2075699999999987,0.0
-2.422170000000001,17.509032,3.2075699999999987,0.0
-2.422170000000001,17.519032,3.2075699999999987,0.0
-2.422170000000001,17.529032,3.2075699999999987,0.0
-2.422170000000001,17.539032,3.2075699999999987,0.0
-2.422170000000001,17.549032,3.2075699999999987,0.0
-2.422170000000001,17.559032,3.2075699999999987,0.0
-2.422170000000001,17.569032,3.2075699999999987,0.0
-2.422170000000001,17.579032,3.2075699999999987,0.0
-2.422170000000001,17.589032,3.2075699999999987,0.0
-2.422170000000001,17.599032,3.2075699999999987,0.0
-2.422170000000001,17.609032,3.2075699999999987,0.0
-2.422170000000001,17.619032,3.2075699999999987,0.0
-2.422170000000001,17.629032,3.2075699999999987,0.0
-2.422170000000001,17.639032,3.2075699999999987,0.0
-2.422170000000001,17.649032,3.2075699999999987,0.0
-2.422170000000001,17.659032,3.2075699999999987,0.0
-2.422170000000001,17.669032,3.2075699999999987,0.0
-2.422170000000001,17.679032,3.2075699999999987,0.0
-2.422170000000001,17.689032,3.2075699999999987,0.0
-2.422170000000001,17.699032,3.2075699999999987,0.0
-2.422170000000001,17.709032,3.2075699999999987,0.0
-2.422170000000001,17.719032,3.2075699999999987,0.0
-2.422170000000001,17.729032,3.2075699999999987,0.0
-2.422170000000001,17.739032,3.2075699999999987,0.0
-2.422170000000001,17.749032,3.2075699999999987,0.0
-2.422170000000001,17.759032,3.2075699999999987,0.0
-2.422170000000001,17.769032,3.2075699999999987,0.0
-2.422170000000001,17.779032,3.2075699999999987,0.0
-2.422170000000001,17.789032,3.2075699999999987,0.0
-2.422170000000001,17.799032,3.2075699999999987,0.0
-2.422170000000001,17.809032,3.2075699999999987,0.0
-2.422170000000001,17.819032,3.2075699999999987,0.0
-2.422170000000001,17.829032,3.2075699999999987,0.0
-2.422170000000001,17.839032,3.2075699999999987,0.0
-2.422170000000001,17.849032,3.2075699999999987,0.0
-2.422170000000001,17.859032,3.2075699999999987,0.0
-2.422170000000001,17.869032,3.2075699999999987,0.0
-2.422170000000001,17.879032,3.2075699999999987,0.0
-2.422170000000001,17.889032,3.2075699999999987,0.0
-2.422170000000001,17.899032,3.2075699999999987,0.0
-2.422170000000001,17.909032,3.2075699999999987,0.0
-2.422170000000001,17.919036,3.2075699999999987,0.0
-2.422170000000001,17.929032,3.2075699999999987,0.0
-2.422170000000001,17.939032,3.2075699999999987,0.0
-2.422170000000001,17.949032,3.2075699999999987,0.0
-2.422170000000001,17.959032,3.2075699999999987,0.0
-2.422170000000001,17.969032,3.2075699999999987,0.0
-2.422170000000001,17.979032,3.2075699999999987,0.0
-2.422170000000001,17.989032,3.2075699999999987,0.0
-2.422170000000001,17.999032,3.2075699999999987,0.0
-2.422170000000001,18.009032,3.2075699999999987,0.0
-2.422170000000001,18.019032,3.2075699999999987,0.0
-2.422170000000001,18.029032,3.2075699999999987,0.0
-2.422170000000001,18.039032,3.2075699999999987,0.0
-2.422170000000001,18.049032,3.2075699999999987,0.0
-2.422170000000001,18.059032,3.2075699999999987,0.0
-2.422170000000001,18.069032,3.2075699999999987,0.0
-2.422170000000001,18.079032,3.2075699999999987,0.0
-2.422170000000001,18.089032,3.2075699999999987,0.0
-2.422170000000001,18.099032,3.2075699999999987,0.0
-2.422170000000001,18.109032,3.2075699999999987,0.0
-2.422170000000001,18.119032,3.2075699999999987,0.0
-2.422170000000001,18.129032,3.2075699999999987,0.0
-2.422170000000001,18.139032,3.2075699999999987,0.0
-2.422170000000001,18.149032,3.2075699999999987,0.0
-2.422170000000001,18.159032,3.2075699999999987,0.0
-2.422170000000001,18.169032,3.2075699999999987,0.0
-2.422170000000001,18.179032,3.2075699999999987,0.0
-2.422170000000001,18.189032,3.2075699999999987,0.0
-2.422170000000001,18.199032,3.2075699999999987,0.0
-2.422170000000001,18.209032,3.2075699999999987,0.0
-2.422170000000001,18.219032,3.2075699999999987,0.0
-2.422170000000001,18.229032,3.2075699999999987,0.0
-2.422170000000001,18.239032,3.2075699999999987,0.0
-2.422170000000001,18.249032,3.2075699999999987,0.0
-2.422170000000001,18.259032,3.2075699999999987,0.0
-2.422170000000001,18.269032,3.2075699999999987,0.0
-2.422170000000001,18.279032,3.2075699999999987,0.0
-2.422170000000001,18.289032,3.2075699999999987,0.0
-2.422170000000001,18.299032,3.2075699999999987,0.0
-2.422170000000001,18.309032,3.2075699999999987,0.0
-2.422170000000001,18.319032,3.2075699999999987,0.0
-2.422170000000001,18.329032,3.2075699999999987,0.0
-2.422170000000001,18.339032,3.2075699999999987,0.0
-2.422170000000001,18.349032,3.2075699999999987,0.0
-2.422170000000001,18.359032,3.2075699999999987,0.0
-2.422170000000001,18.369032,3.2075699999999987,0.0
-2.422170000000001,18.379032,3.2075699999999987,0.0
-2.422170000000001,18.389032,3.2075699999999987,0.0
-2.422170000000001,18.399032,3.2075699999999987,0.0
-2.422170000000001,18.409032,3.2075699999999987,0.0
-2.422170000000001,18.419032,3.2075699999999987,0.0
-2.422170000000001,18.429032,3.2075699999999987,0.0
-2.422170000000001,18.439032,3.2075699999999987,0.0
-2.422170000000001,18.449032,3.2075699999999987,0.0
-2.422170000000001,18.459032,3.2075699999999987,0.0
-2.422170000000001,18.469032,3.2075699999999987,0.0
-2.422170000000001,18.479032,3.2075699999999987,0.0
-2.422170000000001,18.489032,3.2075699999999987,0.0
-2.422170000000001,18.499032,3.2075699999999987,0.0
-2.422170000000001,18.509032,3.2075699999999987,0.0
-2.422170000000001,18.519032,3.2075699999999987,0.0
-2.422170000000001,18.529032,3.2075699999999987,0.0
-2.422170000000001,18.539032,3.2075699999999987,0.0
-2.422170000000001,18.549032,3.2075699999999987,0.0
-2.422170000000001,18.559036,3.2075699999999987,0.0
-2.422170000000001,18.569032,3.2075699999999987,0.0
-2.422170000000001,18.579032,3.2075699999999987,0.0
-2.422170000000001,18.589032,3.2075699999999987,0.0
-2.422170000000001,18.599032,3.2075699999999987,0.0
-2.422170000000001,18.609032,3.2075699999999987,0.0
-2.422170000000001,18.619032,3.2075699999999987,0.0
-2.422170000000001,18.629032,3.2075699999999987,0.0
-2.422170000000001,18.639032,3.2075699999999987,0.0
-2.422170000000001,18.649032,3.2075699999999987,0.0
-2.422170000000001,18.659032,3.2075699999999987,0.0
-2.422170000000001,18.669032,3.2075699999999987,0.0
-2.422170000000001,18.679032,3.2075699999999987,0.0
-2.422170000000001,18.689032,3.2075699999999987,0.0
-2.422170000000001,18.699032,3.2075699999999987,0.0
-2.422170000000001,18.709032,3.2075699999999987,0.0
-2.422170000000001,18.719032,3.2075699999999987,0.0
-2.422170000000001,18.729032,3.2075699999999987,0.0
-2.422170000000001,18.739032,3.2075699999999987,0.0
-2.422170000000001,18.749032,3.2075699999999987,0.0
-2.422170000000001,18.759032,3.2075699999999987,0.0
-2.422170000000001,18.769032,3.2075699999999987,0.0
-2.422170000000001,18.779032,3.2075699999999987,0.0
-2.422170000000001,18.789032,3.2075699999999987,0.0
-2.422170000000001,18.799032,3.2075699999999987,0.0
-2.422170000000001,18.809032,3.2075699999999987,0.0
-2.422170000000001,18.819032,3.2075699999999987,0.0
-2.422170000000001,18.829032,3.2075699999999987,0.0
-2.422170000000001,18.839032,3.2075699999999987,0.0
-2.422170000000001,18.849032,3.2075699999999987,0.0
-2.422170000000001,18.859032,3.2075699999999987,0.0
-2.422170000000001,18.869032,3.2075699999999987,0.0
-2.422170000000001,18.879032,3.2075699999999987,0.0
-2.422170000000001,18.889032,3.2075699999999987,0.0
-2.422170000000001,18.899032,3.2075699999999987,0.0
-2.422170000000001,18.909032,3.2075699999999987,0.0
-2.422170000000001,18.919032,3.2075699999999987,0.0
-2.422170000000001,18.929032,3.2075699999999987,0.0
-2.422170000000001,18.939032,3.2075699999999987,0.0
-2.422170000000001,18.949032,3.2075699999999987,0.0
-2.422170000000001,18.959032,3.2075699999999987,0.0
-2.422170000000001,18.969032,3.2075699999999987,0.0
-2.422170000000001,18.979032,3.2075699999999987,0.0
-2.422170000000001,18.989032,3.2075699999999987,0.0
-2.422170000000001,18.999032,3.2075699999999987,0.0
-2.3305400000000005,19.009032,3.2075699999999987,0.0
-2.2389100000000006,19.019032,3.2075699999999987,0.0
-2.1472800000000007,19.029032,3.2075699999999987,0.0
-2.0556500000000004,19.039032,3.2075699999999987,0.0
-1.9640200000000005,19.049032,3.2075699999999987,0.0
-1.8723900000000004,19.059032,3.2075699999999987,0.0
-1.7807600000000006,19.069032,3.2075699999999987,0.0
-1.6891300000000005,19.079032,3.2075699999999987,0.0
-1.5975000000000004,19.089032,3.2075699999999987,0.0
-1.5058700000000005,19.099032,3.2075699999999987,0.0
-1.4142400000000004,19.109032,3.2075699999999987,0.0
-1.3226100000000003,19.119032,3.2075699999999987,0.0
-1.2309800000000004,19.129032,3.2075699999999987,0.0
-1.13935,19.139032,3.2075699999999987,0.0
-1.0477200000000002,19.149032,3.2075699999999987,0.0
-0.9560900000000001,19.159032,3.2075699999999987,0.0
-0.8644600000000001,19.169032,3.2075699999999987,0.0
-0.77283,19.179032,3.2075699999999987,0.0
-0.6812,19.189032,3.2075699999999987,0.0
-0.58957,19.199036,3.2075699999999987,0.0
-0.58957,19.209032,3.2075699999999987,0.0
-0.58957,19.219032,3.2075699999999987,0.0
-0.58957,19.229032,3.2075699999999987,0.0
-0.58957,19.239032,3.2075699999999987,0.0
-0.58957,19.249032,3.2075699999999987,0.0
-0.58957,19.259032,3.2075699999999987,0.0
-0.58957,19.269032,3.2075699999999987,0.0
-0.58957,19.279032,3.2075699999999987,0.0
-0.58957,19.289032,3.2075699999999987,0.0
-0.58957,19.299032,3.2075699999999987,0.0
-0.58957,19.309032,3.2075699999999987,0.0
-0.58957,19.319032,3.2075699999999987,0.0
-0.58957,19.329032,3.2075699999999987,0.0
-0.58957,19.339032,3.2075699999999987,0.0
-0.58957,19.349032,3.2075699999999987,0.0
-0.58957,19.359032,3.2075699999999987,0.0
-0.58957,19.369032,3.2075699999999987,0.0
-0.58957,19.379032,3.2075699999999987,0.0
-0.58957,19.389032,3.2075699999999987,0.0
-0.58957,19.399032,3.2075699999999987,0.0
-0.58957,19.409032,3.2075699999999987,0.0
-0.58957,19.419032,3.2075699999999987,0.0
-0.58957,19.429032,3.2075699999999987,0.0
-0.58957,19.439032,3.2075699999999987,0.0
-0.58957,19.449032,3.2075699999999987,0.0
-0.58957,19.459032,3.2075699999999987,0.0
-0.58957,19.469032,3.2075699999999987,0.0
-0.58957,19.479032,3.2075699999999987,0.0
-0.58957,19.489032,3.2075699999999987,0.0
-0.58957,19.499032,3.2075699999999987,0.0
-0.58957,19.509032,3.2075699999999987,0.0
-0.58957,19.519032,3.2075699999999987,0.0
-0.58957,19.529032,3.2075699999999987,0.0
-0.58957,19.539032,3.2075699999999987,0.0
-0.58957,19.549032,3.2075699999999987,0.0
-0.58957,19.559032,3.2075699999999987,0.0
-0.58957,19.569032,3.2075699999999987,0.0
-0.58957,19.579032,3.2075699999999987,0.0
-0.58957,19.589032,3.2075699999999987,0.0
-0.58957,19.599032,3.2075699999999987,0.0
-0.58957,19.609032,3.2075699999999987,0.0
-0.58957,19.619032,3.2075699999999987,0.0
-0.58957,19.629032,3.2075699999999987,0.0
-0.58957,19.639032,3.2075699999999987,0.0
-0.58957,19.649032,3.2075699999999987,0.0
-0.58957,19.659032,3.2075699999999987,0.0
-0.58957,19.669032,3.2075699999999987,0.0
-0.58957,19.679032,3.2075699999999987,0.0
-0.58957,19.689032,3.2075699999999987,0.0
-0.58957,19.699032,3.2075699999999987,0.0
-0.58957,19.709032,3.2075699999999987,0.0
-0.58957,19.719032,3.2075699999999987,0.0
-0.58957,19.729032,3.2075699999999987,0.0
-0.58957,19.739032,3.2075699999999987,0.0
-0.58957,19.749032,3.2075699999999987,0.0
-0.58957,19.759032,3.2075699999999987,0.0
-0.58957,19.769032,3.2075699999999987,0.0
-0.58957,19.779032,3.2075699999999987,0.0
-0.58957,19.789032,3.2075699999999987,0.0
-0.58957,19.799032,3.2075699999999987,0.0
-0.58957,19.809032,3.2075699999999987,0.0
-0.58957,19.819032,3.2075699999999987,0.0
-0.58957,19.829032,3.2075699999999987,0.0
-0.58957,19.839036,3.2075699999999987,0.0
-0.58957,19.849032,3.2075699999999987,0.0
-0.58957,19.859032,3.2075699999999987,0.0
-0.58957,19.869032,3.2075699999999987,0.0
-0.58957,19.879032,3.2075699999999987,0.0
-0.58957,19.889032,3.2075699999999987,0.0
-0.58957,19.899032,3.2075699999999987,0.0
-0.58957,19.909032,3.2075699999999987,0.0
-0.58957,19.919032,3.2075699999999987,0.0
-0.58957,19.929032,3.2075699999999987,0.0
-0.58957,19.939032,3.2075699999999987,0.0
-0.58957,19.949032,3.2075699999999987,0.0
-0.58957,19.959032,3.2075699999999987,0.0
-0.58957,19.969032,3.2075699999999987,0.0
-0.58957,19.979032,3.2075699999999987,0.0
-0.58957,19.989032,3.2075699999999987,0.0
-0.58957,19.999032,3.2075699999999987,0.0
-0.58957,20.009032,3.2075699999999987,0.0
-0.58957,20.019032,3.2075699999999987,0.0
-0.58957,20.029032,3.2075699999999987,0.0
-0.58957,20.039032,3.2075699999999987,0.0
-0.58957,20.049032,3.2075699999999987,0.0
-0.58957,20.059032,3.2075699999999987,0.0
-0.58957,20.069032,3.2075699999999987,0.0
-0.58957,20.079032,3.2075699999999987,0.0
-0.58957,20.089032,3.2075699999999987,0.0
-0.58957,20.099032,3.2075699999999987,0.0
-0.58957,20.109032,3.2075699999999987,0.0
-0.58957,20.119032,3.2075699999999987,0.0
-0.58957,20.129032,3.2075699999999987,0.0
-0.58957,20.139032,3.2075699999999987,0.0
-0.58957,20.149032,3.2075699999999987,0.0
-0.58957,20.159032,3.2075699999999987,0.0
-0.58957,20.169032,3.2075699999999987,0.0
-0.58957,20.179032,3.2075699999999987,0.0
-0.58957,20.189032,3.2075699999999987,0.0
-0.58957,20.199032,3.2075699999999987,0.0
-0.58957,20.209032,3.2075699999999987,0.0
-0.58957,20.219032,3.2075699999999987,0.0
-0.58957,20.229032,3.2075699999999987,0.0
-0.58957,20.239032,3.2075699999999987,0.0
-0.58957,20.249032,3.2075699999999987,0.0
-0.58957,20.259032,3.2075699999999987,0.0
-0.58957,20.269032,3.2075699999999987,0.0
-0.58957,20.279032,3.2075699999999987,0.0
-0.58957,20.289032,3.2075699999999987,0.0
-0.58957,20.299032,3.2075699999999987,0.0
-0.58957,20.309032,3.2075699999999987,0.0
-0.58957,20.319032,3.2075699999999987,0.0
-0.58957,20.329032,3.2075699999999987,0.0
-0.58957,20.339032,3.2075699999999987,0.0
-0.58957,20.349032,3.2075699999999987,0.0
-0.58957,20.359032,3.2075699999999987,0.0
-0.58957,20.369032,3.2075699999999987,0.0
-0.58957,20.379032,3.2075699999999987,0.0
-0.58957,20.389032,3.2075699999999987,0.0
-0.58957,20.399032,3.2075699999999987,0.0
-0.58957,20.409032,3.2075699999999987,0.0
-0.58957,20.419032,3.2075699999999987,0.0
-0.58957,20.429032,3.2075699999999987,0.0
-0.58957,20.439032,3.2075699999999987,0.0
-0.58957,20.449032,3.2075699999999987,0.0
-0.58957,20.459032,3.2075699999999987,0.0
-0.58957,20.469032,3.2075699999999987,0.0
-0.58957,20.479036,3.2075699999999987,0.0
-0.58957,20.489032,3.2075699999999987,0.0
-0.58957,20.499032,3.2075699999999987,0.0
-0.58957,20.509032,3.2075699999999987,0.0
-0.58957,20.519032,3.2075699999999987,0.0
-0.58957,20.529032,3.2075699999999987,0.0
-0.58957,20.539032,3.2075699999999987,0.0
-0.58957,20.549032,3.2075699999999987,0.0
-0.58957,20.559032,3.2075699999999987,0.0
-0.58957,20.569032,3.2075699999999987,0.0
-0.58957,20.579032,3.2075699999999987,0.0
-0.58957,20.589032,3.2075699999999987,0.0
-0.58957,20.599032,3.2075699999999987,0.0
-0.58957,20.609032,3.2075699999999987,0.0
-0.58957,20.619032,3.2075699999999987,0.0
-0.58957,20.629032,3.2075699999999987,0.0
-0.58957,20.639032,3.2075699999999987,0.0
-0.58957,20.649032,3.2075699999999987,0.0
-0.58957,20.659032,3.2075699999999987,0.0
-0.58957,20.669032,3.2075699999999987,0.0
-0.58957,20.679032,3.2075699999999987,0.0
-0.58957,20.689032,3.2075699999999987,0.0
-0.58957,20.699032,3.2075699999999987,0.0
-0.58957,20.709032,3.2075699999999987,0.0
-0.58957,20.719032,3.2075699999999987,0.0
-0.58957,20.729032,3.2075699999999987,0.0
-0.58957,20.739032,3.2075699999999987,0.0
-0.58957,20.749032,3.2075699999999987,0.0
-0.58957,20.759032,3.2075699999999987,0.0
-0.58957,20.769032,3.2075699999999987,0.0
-0.58957,20.779032,3.2075699999999987,0.0
-0.58957,20.789032,3.2075699999999987,0.0
-0.58957,20.799032,3.2075699999999987,0.0
-0.58957,20.809032,3.2075699999999987,0.0
-0.58957,20.819032,3.2075699999999987,0.0
-0.58957,20.829032,3.2075699999999987,0.0
-0.58957,20.839032,3.2075699999999987,0.0
-0.58957,20.849032,3.2075699999999987,0.0
-0.58957,20.859032,3.2075699999999987,0.0
-0.58957,20.869032,3.2075699999999987,0.0
-0.58957,20.879032,3.2075699999999987,0.0
-0.58957,20.889032,3.2075699999999987,0.0
-0.58957,20.899032,3.2075699999999987,0.0
-0.58957,20.909032,3.2075699999999987,0.0
-0.58957,20.919032,3.2075699999999987,0.0
-0.58957,20.929032,3.2075699999999987,0.0
-0.58957,20.939032,3.2075699999999987,0.0
-0.58957,20.949032,3.2075699999999987,0.0
-0.58957,20.959032,3.2075699999999987,0.0
-0.58957,20.969032,3.2075699999999987,0.0
-0.58957,20.979032,3.2075699999999987,0.0
-0.58957,20.989032,3.2075699999999987,0.0
-0.58957,20.999032,3.2075699999999987,0.0
-0.48485050000000013,21.009032,3.2075699999999987,0.0
-0.3801310000000001,21.019032,3.2075699999999987,0.0
-0.2754115000000001,21.029032,3.2075699999999987,0.0
-0.1706920000000001,21.039032,3.2075699999999987,0.0
-0.06597250000000006,21.049032,3.2075699999999987,0.0
0.03874699999999996,21.059032,3.2075699999999987,0.0
0.1434665,21.069032,3.2075699999999987,0.0
0.24818600000000002,21.079032,3.2075699999999987,0.0
0.3529055000000001,21.089032,3.2075699999999987,0.0
0.4576250000000001,21.099032,3.2075699999999987,0.0
0.5623445000000001,21.109032,3.2075699999999987,0.0
0.6670640000000003,21.119036,3.2075699999999987,0.0
0.7717835000000006,21.129032,3.2075699999999987,0.0
0.8765030000000005,21.139032,3.2075699999999987,0.0
0.9812225000000003,21.149032,3.2075699999999987,0.0
1.0859420000000002,21.159032,3.2075699999999987,0.0
1.1906615,21.169032,3.2075699999999987,0.0
1.295381,21.179032,3.2075699999999987,0.0
1.4001004999999997,21.189032,3.2075699999999987,0.0
1.5048199999999996,21.199032,3.2075699999999987,0.0
1.5048199999999996,21.209032,3.2075699999999987,0.0
1.5048199999999996,21.219032,3.2075699999999987,0.0
1.5048199999999996,21.229032,3.2075699999999987,0.0
1.5048199999999996,21.239032,3.2075699999999987,0.0
1.5048199999999996,21.249032,3.2075699999999987,0.0
1.5048199999999996,21.259032,3.2075699999999987,0.0
1.5048199999999996,21.269032,3.2075699999999987,0.0
1.5048199999999996,21.279032,3.2075699999999987,0.0
1.5048199999999996,21.289032,3.2075699999999987,0.0
1.5048199999999996,21.299032,3.2075699999999987,0.0
1.5048199999999996,21.309032,3.2075699999999987,0.0
1.5048199999999996,21.319032,3.2075699999999987,0.0
1.5048199999999996,21.329032,3.2075699999999987,0.0
1.5048199999999996,21.339032,3.2075699999999987,0.0
1.5048199999999996,21.349032,3.2075699999999987,0.0
1.5048199999999996,21.359032,3.2075699999999987,0.0
1.5048199999999996,21.369032,3.2075699999999987,0.0
1.5048199999999996,21.379032,3.2075699999999987,0.0
1.5048199999999996,21.389032,3.2075699999999987,0.0
1.5048199999999996,21.399032,3.2075699999999987,0.0
1.5048199999999996,21.409032,3.2075699999999987,0.0
1.5048199999999996,21.419032,3.2075699999999987,0.0
1.5048199999999996,21.429032,3.2075699999999987,0.0
1.5048199999999996,21.439032,3.2075699999999987,0.0
1.5048199999999996,21.449032,3.2075699999999987,0.0
1.5048199999999996,21.459032,3.2075699999999987,0.0
1.5048199999999996,21.469032,3.2075699999999987,0.0
1.5048199999999996,21.479032,3.2075699999999987,0.0
1.5048199999999996,21.489032,3.2075699999999987,0.0
1.5048199999999996,21.499032,3.2075699999999987,0.0
1.5048199999999996,21.509032,3.2075699999999987,0.0
1.5048199999999996,21.519032,3.2075699999999987,0.0
1.5048199999999996,21.529032,3.2075699999999987,0.0
1.5048199999999996,21.539032,3.2075699999999987,0.0
1.5048199999999996,21.549032,3.2075699999999987,0.0
1.5048199999999996,21.559032,3.2075699999999987,0.0
1.5048199999999996,21.569032,3.2075699999999987,0.0
1.5048199999999996,21.579032,3.2075699999999987,0.0
1.5048199999999996,21.589032,3.2075699999999987,0.0
1.5048199999999996,21.599032,3.2075699999999987,0.0
1.5048199999999996,21.609032,3.2075699999999987,0.0
1.5048199999999996,21.619032,3.2075699999999987,0.0
1.5048199999999996,21.629032,3.2075699999999987,0.0
1.5048199999999996,21.639032,3.2075699999999987,0.0
1.5048199999999996,21.649032,3.2075699999999987,0.0
1.5048199999999996,21.659032,3.2075699999999987,0.0
1.5048199999999996,21.669032,3.2075699999999987,0.0
1.5048199999999996,21.679032,3.2075699999999987,0.0
1.5048199999999996,21.689032,3.2075699999999987,0.0
1.5048199999999996,21.699032,3.2075699999999987,0.0
1.5048199999999996,21.709032,3.2075699999999987,0.0
1.5048199999999996,21.719032,3.2075699999999987,0.0
1.5048199999999996,21.729032,3.2075699999999987,0.0
1.5048199999999996,21.739032,3.2075699999999987,0.0
1.5048199999999996,21.749032,3.2075699999999987,0.0
1.5048199999999996,21.759036,3.2075699999999987,0.0
1.5048199999999996,21.769032,3.2075699999999987,0.0
1.5048199999999996,21.779032,3.2075699999999987,0.0
1.5048199999999996,21.789032,3.2075699999999987,0.0
1.5048199999999996,21.799032,3.2075699999999987,0.0
1.5048199999999996,21.809032,3.2075699999999987,0.0
1.5048199999999996,21.819032,3.2075699999999987,0.0
1.5048199999999996,21.829032,3.2075699999999987,0.0
1.5048199999999996,21.839032,3.2075699999999987,0.0
1.5048199999999996,21.849032,3.2075699999999987,0.0
1.5048199999999996,21.859032,3.2075699999999987,0.0
1.5048199999999996,21.869032,3.2075699999999987,0.0
1.5048199999999996,21.879032,3.2075699999999987,0.0
1.5048199999999996,21.889032,3.2075699999999987,0.0
1.5048199999999996,21.899032,3.2075699999999987,0.0
1.5048199999999996,21.909032,3.2075699999999987,0.0
1.5048199999999996,21.919032,3.2075699999999987,0.0
1.5048199999999996,21.929032,3.2075699999999987,0.0
1.5048199999999996,21.939032,3.2075699999999987,0.0
1.5048199999999996,21.949032,3.2075699999999987,0.0
1.5048199999999996,21.959032,3.2075699999999987,0.0
1.5048199999999996,21.969032,3.2075699999999987,0.0
1.5048199999999996,21.979032,3.2075699999999987,0.0
1.5048199999999996,21.989032,3.2075699999999987,0.0
1.5048199999999996,21.999032,3.2075699999999987,0.0
1.5048199999999996,22.009032,3.2075699999999987,0.0
1.5048199999999996,22.019032,3.2075699999999987,0.0
1.5048199999999996,22.029032,3.2075699999999987,0.0
1.5048199999999996,22.039032,3.2075699999999987,0.0
1.5048199999999996,22.049032,3.2075699999999987,0.0
1.5048199999999996,22.059032,3.2075699999999987,0.0
1.5048199999999996,22.069032,3.2075699999999987,0.0
1.5048199999999996,22.079032,3.2075699999999987,0.0
1.5048199999999996,22.089032,3.2075699999999987,0.0
1.5048199999999996,22.099032,3.2075699999999987,0.0
1.5048199999999996,22.109032,3.2075699999999987,0.0
1.5048199999999996,22.119032,3.2075699999999987,0.0
1.5048199999999996,22.129032,3.2075699999999987,0.0
1.5048199999999996,22.139032,3.2075699999999987,0.0
1.5048199999999996,22.149032,3.2075699999999987,0.0
1.5048199999999996,22.159032,3.2075699999999987,0.0
1.5048199999999996,22.169032,3.2075699999999987,0.0
1.5048199999999996,22.179032,3.2075699999999987,0.0
1.5048199999999996,22.189032,3.2075699999999987,0.0
1.5048199999999996,22.199032,3.2075699999999987,0.0
1.5048199999999996,22.209032,3.2075699999999987,0.0
1.5048199999999996,22.219032,3.2075699999999987,0.0
1.5048199999999996,22.229032,3.2075699999999987,0.0
1.5048199999999996,22.239032,3.2075699999999987,0.0
1.5048199999999996,22.249032,3.2075699999999987,0.0
1.5048199999999996,22.259032,3.2075699999999987,0.0
1.5048199999999996,22.269032,3.2075699999999987,0.0
1.5048199999999996,22.279032,3.2075699999999987,0.0
1.5048199999999996,22.289032,3.2075699999999987,0.0
1.5048199999999996,22.299032,3.2075699999999987,0.0
1.5048199999999996,22.309032,3.2075699999999987,0.0
1.5048199999999996,22.319032,3.2075699999999987,0.0
1.5048199999999996,22.329032,3.2075699999999987,0.0
1.5048199999999996,22.339032,3.2075699999999987,0.0
1.5048199999999996,22.349032,3.2075699999999987,0.0
1.5048199999999996,22.359032,3.2075699999999987,0.0
1.5048199999999996,22.369032,3.2075699999999987,0.0
1.5048199999999996,22.379032,3.2075699999999987,0.0
1.5048199999999996,22.389032,3.2075699999999987,0.0
1.5048199999999996,22.399036,3.2075699999999987,0.0
1.5048199999999996,22.409032,3.2075699999999987,0.0
1.5048199999999996,22.419032,3.2075699999999987,0.0
1.5048199999999996,22.429032,3.2075699999999987,0.0
1.5048199999999996,22.439032,3.2075699999999987,0.0
1.5048199999999996,22.449032,3.2075699999999987,0.0
1.5048199999999996,22.459032,3.2075699999999987,0.0
1.5048199999999996,22.469032,3.2075699999999987,0.0
1.5048199999999996,22.479032,3.2075699999999987,0.0
1.5048199999999996,22.489032,3.2075699999999987,0.0
1.5048199999999996,22.499032,3.2075699999999987,0.0
1.5048199999999996,22.509032,3.2075699999999987,0.0
1.5048199999999996,22.519032,3.2075699999999987,0.0
1.5048199999999996,22.529032,3.2075699999999987,0.0
1.5048199999999996,22.539032,3.2075699999999987,0.0
1.5048199999999996,22.549032,3.2075699999999987,0.0
1.5048199999999996,22.559032,3.2075699999999987,0.0
1.5048199999999996,22.569032,3.2075699999999987,0.0
1.5048199999999996,22.579032,3.2075699999999987,0.0
1.5048199999999996,22.589032,3.2075699999999987,0.0
1.5048199999999996,22.599032,3.2075699999999987,0.0
1.5048199999999996,22.609032,3.2075699999999987,0.0
1.5048199999999996,22.619032,3.2075699999999987,0.0
1.5048199999999996,22.629032,3.2075699999999987,0.0
1.5048199999999996,22.639032,3.2075699999999987,0.0
1.5048199999999996,22.649032,3.2075699999999987,0.0
1.5048199999999996,22.659032,3.2075699999999987,0.0
1.5048199999999996,22.669032,3.2075699999999987,0.0
1.5048199999999996,22.679032,3.2075699999999987,0.0
1.5048199999999996,22.689032,3.2075699999999987,0.0
1.5048199999999996,22.699032,3.2075699999999987,0.0
1.5048199999999996,22.709032,3.2075699999999987,0.0
1.5048199999999996,22.719032,3.2075699999999987,0.0
1.5048199999999996,22.729032,3.2075699999999987,0.0
1.5048199999999996,22.739032,3.2075699999999987,0.0
1.5048199999999996,22.749032,3.2075699999999987,0.0
1.5048199999999996,22.759032,3.2075699999999987,0.0
1.5048199999999996,22.769032,3.2075699999999987,0.0
1.5048199999999996,22.779032,3.2075699999999987,0.0
1.5048199999999996,22.789032,3.2075699999999987,0.0
1.5048199999999996,22.799032,3.2075699999999987,0.0
1.5048199999999996,22.809032,3.2075699999999987,0.0
1.5048199999999996,22.819032,3.2075699999999987,0.0
1.5048199999999996,22.829032,3.2075699999999987,0.0
1.5048199999999996,22.839032,3.2075699999999987,0.0
1.5048199999999996,22.849032,3.2075699999999987,0.0
1.5048199999999996,22.859032,3.2075699999999987,0.0
1.5048199999999996,22.869032,3.2075699999999987,0.0
1.5048199999999996,22.879032,3.2075699999999987,0.0
1.5048199999999996,22.889032,3.2075699999999987,0.0
1.5048199999999996,22.899032,3.2075699999999987,0.0
1.5048199999999996,22.909032,3.2075699999999987,0.0
1.5048199999999996,22.919032,3.2075699999999987,0.0
1.5048199999999996,22.929032,3.2075699999999987,0.0
1.5048199999999996,22.939032,3.2075699999999987,0.0
1.5048199999999996,22.949032,3.2075699999999987,0.0
1.5048199999999996,22.959032,3.2075699999999987,0.0
1.5048199999999996,22.969032,3.2075699999999987,0.0
1.5048199999999996,22.979032,3.2075699999999987,0.0
1.5048199999999996,22.989032,3.2075699999999987,0.0
1.5048199999999996,22.999032,3.2075699999999987,0.0
1.2866539999999997,23.009032,3.2075699999999987,0.0
1.0688805000000001,23.019052,3.207176999999999,0.0
0.8522850000000002,23.02906,3.205605999999999,0.0
0.6374175000000003,23.039064,3.2023069999999993,0.0
0.42474900000000027,23.049064,3.1968089999999987,0.0
0.21482950000000034,23.059064,3.188561999999999,0.0
0.00813050000000024,23.069064,3.1770949999999987,0.0
-0.1948774999999999,23.07906,3.1619364999999986,0.0
-0.3938015,23.08906,3.1426939999999988,0.0
-0.5887195000000003,23.09906,3.1194459999999986,0.0
-0.7804175000000004,23.109064,3.0929779999999987,0.0
-0.9696810000000003,23.119064,3.0640749999999985,0.0
-1.157295,23.12906,3.033522999999999,0.0
-1.3442804999999998,23.13906,3.002342499999999,0.0
-1.5311874999999993,23.14904,2.971083499999999,0.0
-1.7180944999999992,23.159032,2.939824499999999,0.0
-1.9050014999999991,23.169032,2.9085654999999995,0.0
-2.0919084999999993,23.179032,2.8773064999999995,0.0
-2.2788154999999994,23.189032,2.8460475,0.0
-2.4657224999999996,23.199032,2.8147885000000006,0.0
-2.4344634999999997,23.209032,2.7835295,0.0
-2.4035969999999995,23.219032,2.7526635000000006,0.0
-2.3739084999999998,23.229032,2.7229755000000004,0.0
-2.3459479999999995,23.239032,2.695015500000001,0.0
-2.3201864999999997,23.249032,2.669254500000001,0.0
-2.2971739999999996,23.259032,2.6462425000000014,0.0
-2.2773819999999994,23.269032,2.6264505000000007,0.0
-2.261281,23.279032,2.6103500000000013,0.0
-2.2492639999999997,23.289032,2.598333500000001,0.0
-2.241253,23.299032,2.590322500000001,0.0
-2.2364619999999995,23.309032,2.5855315000000014,0.0
-2.2341054999999996,23.319032,2.583175500000001,0.0
-2.2333984999999994,23.329032,2.582468500000001,0.0
-2.2333199999999995,23.339032,2.582390000000002,0.0
-2.2333199999999995,23.349032,2.582390000000002,0.0
-2.2333199999999995,23.359032,2.582390000000002,0.0
-2.2333199999999995,23.369032,2.582390000000002,0.0
-2.2333199999999995,23.379032,2.582390000000002,0.0
-2.2333199999999995,23.389032,2.582390000000002,0.0
-2.2333199999999995,23.399032,2.582390000000002,0.0
-2.2333199999999995,23.409032,2.582390000000002,0.0
-2.2333199999999995,23.419032,2.582390000000002,0.0
-2.2333199999999995,23.429032,2.582390000000002,0.0
-2.2333199999999995,23.439032,2.582390000000002,0.0
-2.2333199999999995,23.449032,2.582390000000002,0.0
-2.2333199999999995,23.459032,2.582390000000002,0.0
-2.2333199999999995,23.469032,2.582390000000002,0.0
-2.2333199999999995,23.479032,2.582390000000002,0.0
-2.2333199999999995,23.489032,2.582390000000002,0.0
-2.2333199999999995,23.499032,2.582390000000002,0.0
-2.2333199999999995,23.509032,2.582390000000002,0.0
-2.2333199999999995,23.519032,2.582390000000002,0.0
-2.2333199999999995,23.529032,2.582390000000002,0.0
-2.2333199999999995,23.539032,2.582390000000002,0.0
-2.2333199999999995,23.549032,2.582390000000002,0.0
-2.2333199999999995,23.559032,2.582390000000002,0.0
-2.2333199999999995,23.569032,2.582390000000002,0.0
-2.2333199999999995,23.579032,2.582390000000002,0.0
-2.2333199999999995,23.589032,2.582390000000002,0.0
-2.2333199999999995,23.599032,2.582390000000002,0.0
-2.2333199999999995,23.609032,2.582390000000002,0.0
-2.2333199999999995,23.619032,2.582390000000002,0.0
-2.2333199999999995,23.629032,2.582390000000002,0.0
-2.2333199999999995,23.639032,2.582390000000002,0.0
-2.2333199999999995,23.649032,2.582390000000002,0.0
-2.2333199999999995,23.659032,2.582390000000002,0.0
-2.2333199999999995,23.669032,2.582390000000002,0.0
-2.2333199999999995,23.679036,2.582390000000002,0.0
-2.2333199999999995,23.689032,2.582390000000002,0.0
-2.2333199999999995,23.699032,2.582390000000002,0.0
-2.2333199999999995,23.709032,2.582390000000002,0.0
-2.2333199999999995,23.719032,2.582390000000002,0.0
-2.2333199999999995,23.729032,2.582390000000002,0.0
-2.2333199999999995,23.739032,2.582390000000002,0.0
-2.2333199999999995,23.749032,2.582390000000002,0.0
-2.2333199999999995,23.759032,2.582390000000002,0.0
-2.2333199999999995,23.769032,2.582390000000002,0.0
-2.2333199999999995,23.779032,2.582390000000002,0.0
-2.2333199999999995,23.789032,2.582390000000002,0.0
-2.2333199999999995,23.799032,2.582390000000002,0.0
-2.2333199999999995,23.809032,2.582390000000002,0.0
-2.2333199999999995,23.819032,2.582390000000002,0.0
-2.2333199999999995,23.829032,2.582390000000002,0.0
-2.2333199999999995,23.839032,2.582390000000002,0.0
-2.2333199999999995,23.849032,2.582390000000002,0.0
-2.2333199999999995,23.859032,2.582390000000002,0.0
-2.2333199999999995,23.869032,2.582390000000002,0.0
-2.2333199999999995,23.879032,2.582390000000002,0.0
-2.2333199999999995,23.889032,2.582390000000002,0.0
-2.2333199999999995,23.899032,2.582390000000002,0.0
-2.2333199999999995,23.909032,2.582390000000002,0.0
-2.2333199999999995,23.919032,2.582390000000002,0.0
-2.2333199999999995,23.929032,2.582390000000002,0.0
-2.2333199999999995,23.939032,2.582390000000002,0.0
-2.2333199999999995,23.949032,2.582390000000002,0.0
-2.2333199999999995,23.959032,2.582390000000002,0.0
-2.2333199999999995,23.969032,2.582390000000002,0.0
-2.2333199999999995,23.979032,2.582390000000002,0.0
-2.2333199999999995,23.989032,2.582390000000002,0.0
-2.2333199999999995,23.999032,2.582390000000002,0.0
-2.2333199999999995,24.009032,2.582390000000002,0.0
