0.0,0.010056,0.0,0.0
0.0,0.020056,0.0,0.0
0.0,0.030056,0.0,0.0
0.0,0.040056,0.0,0.0
0.0,0.050056,0.0,0.0
0.0,0.060056,0.0,0.0
0.0,0.070056,0.0,0.0
0.0,0.080056,0.0,0.0
0.0,0.090056,0.0,0.0
0.0,0.100056,0.0,0.0
0.0,0.110056,0.0,0.0
0.0,0.120056,0.0,0.0
0.0,0.130056,0.0,0.0
0.0,0.140056,0.0,0.0
0.0,0.150056,0.0,0.0
0.0,0.160056,0.0,0.0
0.0,0.170056,0.0,0.0
0.0,0.180056,0.0,0.0
0.0,0.190056,0.0,0.0
0.0,0.200056,0.0,0.0
0.0,0.210056,0.0,0.0
0.0,0.220056,0.0,0.0
0.0,0.230056,0.0,0.0
0.0,0.240056,0.0,0.0
0.0,0.250056,0.0,0.0
0.0,0.260056,0.0,0.0
0.0,0.270056,0.0,0.0
0.0,0.280056,0.0,0.0
0.0,0.290056,0.0,0.0
0.0,0.300056,0.0,0.0
0.0,0.310056,0.0,0.0
0.0,0.320056,0.0,0.0
0.0,0.330056,0.0,0.0
0.0,0.340056,0.0,0.0
0.0,0.350056,0.0,0.0
0.0,0.360056,0.0,0.0
0.0,0.370056,0.0,0.0
0.0,0.380056,0.0,0.0
0.0,0.390056,0.0,0.0
0.0,0.400056,0.0,0.0
0.0,0.410056,0.0,0.0
0.0,0.420056,0.0,0.0
0.0,0.430056,0.0,0.0
0.0,0.440056,0.0,0.0
0.0,0.450056,0.0,0.0
0.0,0.460056,0.0,0.0
0.0,0.470056,0.0,0.0
0.0,0.480056,0.0,0.0
0.0,0.490056,0.0,0.0
0.0,0.500056,0.0,0.0
0.0,0.510056,0.0,0.0
0.0,0.520056,0.0,0.0
0.0,0.530056,0.0,0.0
0.0,0.540056,0.0,0.0
0.0,0.550056,0.0,0.0
0.0,0.560056,0.0,0.0
0.0,0.570056,0.0,0.0
0.0,0.580056,0.0,0.0
0.0,0.590056,0.0,0.0
0.0,0.600056,0.0,0.0
0.0,0.610056,0.0,0.0
0.0,0.620056,0.0,0.0
0.0,0.630056,0.0,0.0
0.0,0.64006,0.0,0.0
0.0,0.650056,0.0,0.0
0.0,0.660056,0.0,0.0
0.0,0.670056,0.0,0.0
0.0,0.680056,0.0,0.0
0.0,0.690056,0.0,0.0
0.0,0.700056,0.0,0.0
0.0,0.710056,0.0,0.0
0.0,0.720056,0.0,0.0
0.0,0.730056,0.0,0.0
0.0,0.740056,0.0,0.0
0.0,0.750056,0.0,0.0
0.0,0.760056,0.0,0.0
0.0,0.770056,0.0,0.0
0.0,0.780056,0.0,0.0
0.0,0.790056,0.0,0.0
0.0,0.800056,0.0,0.0
0.0,0.810056,0.0,0.0
0.0,0.820056,0.0,0.0
0.0,0.830056,0.0,0.0
0.0,0.840056,0.0,0.0
0.0,0.850056,0.0,0.0
0.0,0.860056,0.0,0.0
0.0,0.870056,0.0,0.0
0.0,0.880056,0.0,0.0
0.0,0.890056,0.0,0.0
0.0,0.900056,0.0,0.0
0.0,0.910056,0.0,0.0
0.0,0.920056,0.0,0.0
0.0,0.930056,0.0,0.0
0.0,0.940056,0.0,0.0
0.0,0.950056,0.0,0.0
0.0,0.960056,0.0,0.0
0.0,0.970056,0.0,0.0
0.0,0.980056,0.0,0.0
0.0,0.990056,0.0,0.0
0.0,1.000056,0.0,0.0
0.0,1.010056,0.0,0.0
0.0,1.020056,0.0,0.0
0.0,1.030056,0.0,0.0
0.0,1.040056,0.0,0.0
0.0,1.050056,0.0,0.0
0.0,1.060056,0.0,0.0
0.0,1.070056,0.0,0.0
0.0,1.080056,0.0,0.0
0.0,1.090056,0.0,0.0
0.0,1.100056,0.0,0.0
0.0,1.110056,0.0,0.0
0.0,1.120056,0.0,0.0
0.0,1.130056,0.0,0.0
0.0,1.140056,0.0,0.0
0.0,1.150056,0.0,0.0
0.0,1.160056,0.0,0.0
0.0,1.170056,0.0,0.0
0.0,1.180056,0.0,0.0
0.0,1.190056,0.0,0.0
0.0,1.200056,0.0,0.0
0.0,1.210056,0.0,0.0
0.0,1.220056,0.0,0.0
0.0,1.230056,0.0,0.0
0.0,1.240056,0.0,0.0
0.0,1.250056,0.0,0.0
0.0,1.260056,0.0,0.0
0.0,1.270056,0.0,0.0
0.0,1.28006,0.0,0.0
0.0,1.290056,0.0,0.0
0.0,1.300056,0.0,0.0
0.0,1.310056,0.0,0.0
0.0,1.320056,0.0,0.0
0.0,1.330056,0.0,0.0
0.0,1.340056,0.0,0.0
0.0,1.350056,0.0,0.0
0.0,1.360056,0.0,0.0
0.0,1.370056,0.0,0.0
0.0,1.380056,0.0,0.0
0.0,1.390056,0.0,0.0
0.0,1.400056,0.0,0.0
0.0,1.410056,0.0,0.0
0.0,1.420056,0.0,0.0
0.0,1.430056,0.0,0.0
0.0,1.440056,0.0,0.0
0.0,1.450056,0.0,0.0
0.0,1.460056,0.0,0.0
0.0,1.470056,0.0,0.0
0.0,1.480056,0.0,0.0
0.0,1.490056,0.0,0.0
0.0,1.500056,0.0,0.0
0.0,1.510056,0.0,0.0
0.0,1.520056,0.0,0.0
0.0,1.530056,0.0,0.0
0.0,1.540056,0.0,0.0
0.0,1.550056,0.0,0.0
0.0,1.560056,0.0,0.0
0.0,1.570056,0.0,0.0
0.0,1.580056,0.0,0.0
0.0,1.590056,0.0,0.0
0.0,1.600056,0.0,0.0
0.0,1.610056,0.0,0.0
0.0,1.620056,0.0,0.0
0.0,1.630056,0.0,0.0
0.0,1.640056,0.0,0.0
0.0,1.650056,0.0,0.0
0.0,1.660056,0.0,0.0
0.0,1.670056,0.0,0.0
0.0,1.680056,0.0,0.0
0.0,1.690056,0.0,0.0
0.0,1.700056,0.0,0.0
0.0,1.710056,0.0,0.0
0.0,1.720056,0.0,0.0
0.0,1.730056,0.0,0.0
0.0,1.740056,0.0,0.0
0.0,1.750056,0.0,0.0
0.0,1.760056,0.0,0.0
0.0,1.770056,0.0,0.0
0.0,1.780056,0.0,0.0
0.0,1.790056,0.0,0.0
0.0,1.800056,0.0,0.0
0.0,1.810056,0.0,0.0
0.0,1.820056,0.0,0.0
0.0,1.830056,0.0,0.0
0.0,1.840056,0.0,0.0
0.0,1.850056,0.0,0.0
0.0,1.860056,0.0,0.0
0.0,1.870056,0.0,0.0
0.0,1.880056,0.0,0.0
0.0,1.890056,0.0,0.0
0.0,1.900056,0.0,0.0
0.0,1.910056,0.0,0.0
0.0,1.92006,0.0,0.0
0.0,1.930056,0.0,0.0
0.0,1.940056,0.0,0.0
0.0,1.950056,0.0,0.0
0.0,1.960056,0.0,0.0
0.0,1.970056,0.0,0.0
0.0,1.980056,0.0,0.0
0.0,1.990056,0.0,0.0
0.0,2.000056,0.0,0.0
0.0,2.010056,0.0,0.0
0.0,2.020056,0.0,0.0
0.0,2.030056,0.0,0.0
0.0,2.040056,0.0,0.0
0.0,2.050056,0.0,0.0
0.0,2.060056,0.0,0.0
0.0,2.070056,0.0,0.0
0.0,2.080056,0.0,0.0
0.0,2.090056,0.0,0.0
0.0,2.100056,0.0,0.0
0.0,2.110056,0.0,0.0
0.0,2.120056,0.0,0.0
0.0,2.130056,0.0,0.0
0.0,2.140056,0.0,0.0
0.0,2.150056,0.0,0.0
0.0,2.160056,0.0,0.0
0.0,2.170056,0.0,0.0
0.0,2.180056,0.0,0.0
0.0,2.190056,0.0,0.0
0.0,2.200056,0.0,0.0
0.0,2.210056,0.0,0.0
0.0,2.220056,0.0,0.0
0.0,2.230056,0.0,0.0
0.0,2.240056,0.0,0.0
0.0,2.250056,0.0,0.0
0.0,2.260056,0.0,0.0
0.0,2.270056,0.0,0.0
0.0,2.280056,0.0,0.0
0.0,2.290056,0.0,0.0
0.0,2.300056,0.0,0.0
0.0,2.310056,0.0,0.0
0.0,2.320056,0.0,0.0
0.0,2.330056,0.0,0.0
0.0,2.340056,0.0,0.0
0.0,2.350056,0.0,0.0
0.0,2.360056,0.0,0.0
0.0,2.370056,0.0,0.0
0.0,2.380056,0.0,0.0
0.0,2.390056,0.0,0.0
0.0,2.400056,0.0,0.0
0.0,2.410056,0.0,0.0
0.0,2.420056,0.0,0.0
0.0,2.430056,0.0,0.0
0.0,2.440056,0.0,0.0
0.0,2.450056,0.0,0.0
0.0,2.460056,0.0,0.0
0.0,2.470056,0.0,0.0
0.0,2.480056,0.0,0.0
0.0,2.490056,0.0,0.0
0.0,2.500056,0.0,0.0
0.0,2.510056,0.0,0.0
0.0,2.520056,0.0,0.0
0.0,2.530056,0.0,0.0
0.0,2.540056,0.0,0.0
0.0,2.550056,0.0,0.0
0.0,2.56006,0.0,0.0
0.0,2.570056,0.0,0.0
0.0,2.580056,0.0,0.0
0.0,2.590056,0.0,0.0
0.0,2.600056,0.0,0.0
0.0,2.610056,0.0,0.0
0.0,2.620056,0.0,0.0
0.0,2.630056,0.0,0.0
0.0,2.640056,0.0,0.0
0.0,2.650056,0.0,0.0
0.0,2.660056,0.0,0.0
0.0,2.670056,0.0,0.0
0.0,2.680056,0.0,0.0
0.0,2.690056,0.0,0.0
0.0,2.700056,0.0,0.0
0.0,2.710056,0.0,0.0
0.0,2.720056,0.0,0.0
0.0,2.730056,0.0,0.0
0.0,2.740056,0.0,0.0
0.0,2.750056,0.0,0.0
0.0,2.760056,0.0,0.0
0.0,2.770056,0.0,0.0
0.0,2.780056,0.0,0.0
0.0,2.790056,0.0,0.0
0.0,2.800056,0.0,0.0
0.0,2.810056,0.0,0.0
0.0,2.820056,0.0,0.0
0.0,2.830056,0.0,0.0
0.0,2.840056,0.0,0.0
0.0,2.850056,0.0,0.0
0.0,2.860056,0.0,0.0
0.0,2.870056,0.0,0.0
0.0,2.880056,0.0,0.0
0.0,2.890056,0.0,0.0
0.0,2.900056,0.0,0.0
0.0,2.910056,0.0,0.0
0.0,2.920056,0.0,0.0
0.0,2.930056,0.0,0.0
0.0,2.940056,0.0,0.0
0.0,2.950056,0.0,0.0
0.0,2.960056,0.0,0.0
0.0,2.970056,0.0,0.0
0.0,2.980056,0.0,0.0
0.0,2.990056,0.0,0.0
0.0,3.000056,0.0,0.0
0.0,3.010056,0.0,0.0
0.0,3.020056,0.0,0.0
0.0,3.030056,0.0,0.0
0.0,3.040056,0.0,0.0
0.0,3.050056,0.0,0.0
0.0,3.060056,0.0,0.0
0.0,3.070056,0.0,0.0
0.0,3.080056,0.0,0.0
0.0,3.090056,0.0,0.0
0.0,3.100056,0.0,0.0
0.0,3.110056,0.0,0.0
0.0,3.120056,0.0,0.0
0.0,3.130056,0.0,0.0
0.0,3.140056,0.0,0.0
0.0,3.150056,0.0,0.0
0.0,3.160056,0.0,0.0
0.0,3.170056,0.0,0.0
0.0,3.180056,0.0,0.0
0.0,3.190056,0.0,0.0
0.0,3.20006,0.0,0.0
0.0,3.210056,0.0,0.0
0.0,3.220056,0.0,0.0
0.0,3.230056,0.0,0.0
0.0,3.240056,0.0,0.0
0.0,3.250056,0.0,0.0
0.0,3.260056,0.0,0.0
0.0,3.270056,0.0,0.0
0.0,3.280056,0.0,0.0
0.0,3.290056,0.0,0.0
0.0,3.300056,0.0,0.0
0.0,3.310056,0.0,0.0
0.0,3.320056,0.0,0.0
0.0,3.330056,0.0,0.0
0.0,3.340056,0.0,0.0
0.0,3.350056,0.0,0.0
0.0,3.360056,0.0,0.0
0.0,3.370056,0.0,0.0
0.0,3.380056,0.0,0.0
0.0,3.390056,0.0,0.0
0.0,3.400056,0.0,0.0
0.0,3.410056,0.0,0.0
0.0,3.420056,0.0,0.0
0.0,3.430056,0.0,0.0
0.0,3.440056,0.0,0.0
0.0,3.450056,0.0,0.0
0.0,3.460056,0.0,0.0
0.0,3.470056,0.0,0.0
0.0,3.480056,0.0,0.0
0.0,3.490056,0.0,0.0
0.0,3.500056,0.0,0.0
0.0,3.510056,0.0,0.0
0.0,3.520056,0.0,0.0
0.0,3.530056,0.0,0.0
0.0,3.540056,0.0,0.0
0.0,3.550056,0.0,0.0
0.0,3.560056,0.0,0.0
0.0,3.570056,0.0,0.0
0.0,3.580056,0.0,0.0
0.0,3.590056,0.0,0.0
0.0,3.600056,0.0,0.0
0.0,3.610056,0.0,0.0
0.0,3.620056,0.0,0.0
0.0,3.630056,0.0,0.0
0.0,3.640056,0.0,0.0
0.0,3.650056,0.0,0.0
0.0,3.660056,0.0,0.0
0.0,3.670056,0.0,0.0
0.0,3.680056,0.0,0.0
0.0,3.690056,0.0,0.0
0.0,3.700056,0.0,0.0
0.0,3.710056,0.0,0.0
0.0,3.720056,0.0,0.0
0.0,3.730056,0.0,0.0
0.0,3.740056,0.0,0.0
0.0,3.750056,0.0,0.0
0.0,3.760056,0.0,0.0
0.0,3.770056,0.0,0.0
0.0,3.780056,0.0,0.0
0.0,3.790056,0.0,0.0
0.0,3.800056,0.0,0.0
0.0,3.810056,0.0,0.0
0.0,3.820056,0.0,0.0
0.0,3.830056,0.0,0.0
0.0,3.84006,0.0,0.0
0.0,3.850056,0.0,0.0
0.0,3.860056,0.0,0.0
0.0,3.870056,0.0,0.0
0.0,3.880056,0.0,0.0
0.0,3.890056,0.0,0.0
0.0,3.900056,0.0,0.0
0.0,3.910056,0.0,0.0
0.0,3.920056,0.0,0.0
0.0,3.930056,0.0,0.0
0.0,3.940056,0.0,0.0
0.0,3.950056,0.0,0.0
0.0,3.960056,0.0,0.0
0.0,3.970056,0.0,0.0
0.0,3.980056,0.0,0.0
0.0,3.990056,0.0,0.0
0.0,4.000056,0.0,0.0
0.0,4.010056,0.0,0.0
0.0,4.020056,0.0,0.0
0.0,4.030056,0.0,0.0
0.0,4.040056,0.0,0.0
0.0,4.050056,0.0,0.0
0.0,4.060056,0.0,0.0
0.0,4.070056,0.0,0.0
0.0,4.080056,0.0,0.0
0.0,4.090056,0.0,0.0
0.0,4.100056,0.0,0.0
0.0,4.110056,0.0,0.0
0.0,4.120056,0.0,0.0
0.0,4.130056,0.0,0.0
0.0,4.140056,0.0,0.0
0.0,4.150056,0.0,0.0
0.0,4.160056,0.0,0.0
0.0,4.170056,0.0,0.0
0.0,4.180056,0.0,0.0
0.0,4.190056,0.0,0.0
0.0,4.200056,0.0,0.0
0.0,4.210056,0.0,0.0
0.0,4.220056,0.0,0.0
0.0,4.230056,0.0,0.0
0.0,4.240056,0.0,0.0
0.0,4.250056,0.0,0.0
0.0,4.260056,0.0,0.0
0.0,4.270056,0.0,0.0
0.0,4.280056,0.0,0.0
0.0,4.290056,0.0,0.0
0.0,4.300056,0.0,0.0
0.0,4.310056,0.0,0.0
0.0,4.320056,0.0,0.0
0.0,4.330056,0.0,0.0
0.0,4.340056,0.0,0.0
0.0,4.350056,0.0,0.0
0.0,4.360056,0.0,0.0
0.0,4.370056,0.0,0.0
0.0,4.380056,0.0,0.0
0.0,4.390056,0.0,0.0
0.0,4.400056,0.0,0.0
0.0,4.410056,0.0,0.0
0.0,4.420056,0.0,0.0
0.0,4.430056,0.0,0.0
0.0,4.440056,0.0,0.0
0.0,4.450056,0.0,0.0
0.0,4.460056,0.0,0.0
0.0,4.470056,0.0,0.0
0.0,4.48006,0.0,0.0
0.0,4.490056,0.0,0.0
0.0,4.500056,0.0,0.0
0.0,4.510056,0.0,0.0
0.0,4.520056,0.0,0.0
0.0,4.530056,0.0,0.0
0.0,4.540056,0.0,0.0
0.0,4.550056,0.0,0.0
0.0,4.560056,0.0,0.0
0.0,4.570056,0.0,0.0
0.0,4.580056,0.0,0.0
0.0,4.590056,0.0,0.0
0.0,4.600056,0.0,0.0
0.0,4.610056,0.0,0.0
0.0,4.620056,0.0,0.0
0.0,4.630056,0.0,0.0
0.0,4.640056,0.0,0.0
0.0,4.650056,0.0,0.0
0.0,4.660056,0.0,0.0
0.0,4.670056,0.0,0.0
0.0,4.680056,0.0,0.0
0.0,4.690056,0.0,0.0
0.0,4.700056,0.0,0.0
0.0,4.710056,0.0,0.0
0.0,4.720056,0.0,0.0
0.0,4.730056,0.0,0.0
0.0,4.740056,0.0,0.0
0.0,4.750056,0.0,0.0
0.0,4.760056,0.0,0.0
0.0,4.770056,0.0,0.0
0.0,4.780056,0.0,0.0
0.0,4.790056,0.0,0.0
0.0,4.800056,0.0,0.0
0.0,4.810056,0.0,0.0
0.0,4.820056,0.0,0.0
0.0,4.830056,0.0,0.0
0.0,4.840056,0.0,0.0
0.0,4.850056,0.0,0.0
0.0,4.860056,0.0,0.0
0.0,4.870056,0.0,0.0
0.0,4.880056,0.0,0.0
0.0,4.890056,0.0,0.0
0.0,4.900056,0.0,0.0
0.0,4.910056,0.0,0.0
0.0,4.920056,0.0,0.0
0.0,4.930056,0.0,0.0
0.0,4.940056,0.0,0.0
0.0,4.950056,0.0,0.0
0.0,4.960056,0.0,0.0
0.0,4.970056,0.0,0.0
0.0,4.980056,0.0,0.0
0.0,4.990056,0.0,0.0
0.02618,5.000056,0.0,0.0
0.05236,5.010056,0.0,0.0
0.07854,5.020056,0.0,0.0
0.10472,5.030056,0.0,0.0
0.1309,5.040056,0.0,0.0
0.15708,5.050056,0.0,0.0
0.18326,5.060056,0.0,0.0
0.20944,5.070056,0.0,0.0
0.23562,5.080056,0.0,0.0
0.2618,5.089032,0.0,0.0
0.28798,5.099032,0.0,0.0
0.31416,5.109032,0.0,0.0
0.34034000000000003,5.119036,0.0,0.0
0.36652,5.129032,0.0,0.0
0.39270000000000005,5.139032,0.0,0.0
0.41888,5.149032,0.0,0.0
0.44506,5.159032,0.0,0.0
0.47124,5.169032,0.0,0.0
0.49742,5.179032,0.0,0.0
0.5236,5.189032,0.0,0.0
0.5236,5.199032,0.0,0.0
0.5236,5.209032,0.0,0.0
0.5236,5.219032,0.0,0.0
0.5236,5.229032,0.0,0.0
0.5236,5.239032,0.0,0.0
0.5236,5.249032,0.0,0.0
0.5236,5.258008,0.0,0.0
0.5236,5.268008,0.0,0.0
0.5236,5.278008,0.0,0.0
0.5236,5.288008,0.0,0.0
0.5236,5.298008,0.0,0.0
0.5236,5.308008,0.0,0.0
0.5236,5.318008,0.0,0.0
0.5236,5.328008,0.0,0.0
0.5236,5.338008,0.0,0.0
0.5236,5.348008,0.0,0.0
0.5236,5.358008,0.0,0.0
0.5236,5.368008,0.0,0.0
0.5236,5.378008,0.0,0.0
0.5236,5.388008,0.0,0.0
0.5236,5.398008,0.0,0.0
0.5236,5.408008,0.0,0.0
0.5236,5.418008,0.0,0.0
0.5236,5.428008,0.0,0.0
0.5236,5.438008,0.0,0.0
0.5236,5.448008,0.0,0.0
0.5236,5.458008,0.0,0.0
0.5236,5.468008,0.0,0.0
0.5236,5.478008,0.0,0.0
0.5236,5.488008,0.0,0.0
0.5236,5.498008,0.0,0.0
0.5236,5.508008,0.0,0.0
0.5236,5.518008,0.0,0.0
0.5236,5.528008,0.0,0.0
0.5236,5.538008,0.0,0.0
0.5236,5.548008,0.0,0.0
0.5236,5.558008,0.0,0.0
0.5236,5.568008,0.0,0.0
0.5236,5.578008,0.0,0.0
0.5236,5.588008,0.0,0.0
0.5236,5.598008,0.0,0.0
0.5236,5.608008,0.0,0.0
0.5236,5.618008,0.0,0.0
0.5236,5.628008,0.0,0.0
0.5236,5.638008,0.0,0.0
0.5236,5.648008,0.0,0.0
0.5236,5.658008,0.0,0.0
0.5236,5.668008,0.0,0.0
0.5236,5.678008,0.0,0.0
0.5236,5.688008,0.0,0.0
0.5236,5.698008,0.0,0.0
0.5236,5.708008,0.0,0.0
0.5236,5.718008,0.0,0.0
0.5236,5.728008,0.0,0.0
0.5236,5.738008,0.0,0.0
0.5236,5.748008,0.0,0.0
0.5236,5.758012,0.0,0.0
0.5236,5.768008,0.0,0.0
0.5236,5.778008,0.0,0.0
0.5236,5.788008,0.0,0.0
0.5236,5.798008,0.0,0.0
0.5236,5.808008,0.0,0.0
0.5236,5.818008,0.0,0.0
0.5236,5.828008,0.0,0.0
0.5236,5.838008,0.0,0.0
0.5236,5.848008,0.0,0.0
0.5236,5.858008,0.0,0.0
0.5236,5.868008,0.0,0.0
0.5236,5.878008,0.0,0.0
0.5236,5.888008,0.0,0.0
0.5236,5.898008,0.0,0.0
0.5236,5.908008,0.0,0.0
0.5236,5.918008,0.0,0.0
0.5236,5.928008,0.0,0.0
0.5236,5.938008,0.0,0.0
0.5236,5.948008,0.0,0.0
0.5236,5.958008,0.0,0.0
0.5236,5.968008,0.0,0.0
0.5236,5.978008,0.0,0.0
0.5236,5.988008,0.0,0.0
0.5236,5.998008,0.0,0.0
0.5236,6.008008,0.0,0.0
0.5236,6.018008,0.0,0.0
0.5236,6.028008,0.0,0.0
0.5236,6.038008,0.0,0.0
0.5236,6.048008,0.0,0.0
0.5236,6.058008,0.0,0.0
0.5236,6.068008,0.0,0.0
0.5236,6.078008,0.0,0.0
0.5236,6.088008,0.0,0.0
0.5236,6.098008,0.0,0.0
0.5236,6.108008,0.0,0.0
0.5236,6.118008,0.0,0.0
0.5236,6.128008,0.0,0.0
0.5236,6.138008,0.0,0.0
0.5236,6.148008,0.0,0.0
0.5236,6.158008,0.0,0.0
0.5236,6.168008,0.0,0.0
0.5236,6.178008,0.0,0.0
0.5236,6.188008,0.0,0.0
0.5236,6.198008,0.0,0.0
0.5236,6.208008,0.0,0.0
0.5236,6.218008,0.0,0.0
0.5236,6.228008,0.0,0.0
0.5236,6.238008,0.0,0.0
0.5236,6.248008,0.0,0.0
0.5236,6.258008,0.0,0.0
0.5236,6.268008,0.0,0.0
0.5236,6.278008,0.0,0.0
0.5236,6.288008,0.0,0.0
0.5236,6.298008,0.0,0.0
0.5236,6.308008,0.0,0.0
0.5236,6.318008,0.0,0.0
0.5236,6.328008,0.0,0.0
0.5236,6.338008,0.0,0.0
0.5236,6.348008,0.0,0.0
0.5236,6.358008,0.0,0.0
0.5236,6.368008,0.0,0.0
0.5236,6.378008,0.0,0.0
0.5236,6.388008,0.0,0.0
0.5236,6.398012,0.0,0.0
0.5236,6.408008,0.0,0.0
0.5236,6.418008,0.0,0.0
0.5236,6.428008,0.0,0.0
0.5236,6.438008,0.0,0.0
0.5236,6.448008,0.0,0.0
0.5236,6.458008,0.0,0.0
0.5236,6.468008,0.0,0.0
0.5236,6.478008,0.0,0.0
0.5236,6.488008,0.0,0.0
0.5236,6.498008,0.0,0.0
0.5236,6.508008,0.0,0.0
0.5236,6.518008,0.0,0.0
0.5236,6.528008,0.0,0.0
0.5236,6.538008,0.0,0.0
0.5236,6.548008,0.0,0.0
0.5236,6.558008,0.0,0.0
0.5236,6.568008,0.0,0.0
0.5236,6.578008,0.0,0.0
0.5236,6.588008,0.0,0.0
0.5236,6.598008,0.0,0.0
0.5236,6.608008,0.0,0.0
0.5236,6.618008,0.0,0.0
0.5236,6.628008,0.0,0.0
0.5236,6.638008,0.0,0.0
0.5236,6.648008,0.0,0.0
0.5236,6.658008,0.0,0.0
0.5236,6.668008,0.0,0.0
0.5236,6.678008,0.0,0.0
0.5236,6.688008,0.0,0.0
0.5236,6.698008,0.0,0.0
0.5236,6.708008,0.0,0.0
0.5236,6.718008,0.0,0.0
0.5236,6.728008,0.0,0.0
0.5236,6.738008,0.0,0.0
0.5236,6.748008,0.0,0.0
0.5236,6.758008,0.0,0.0
0.5236,6.768008,0.0,0.0
0.5236,6.778008,0.0,0.0
0.5236,6.788008,0.0,0.0
0.5236,6.798008,0.0,0.0
0.5236,6.808008,0.0,0.0
0.5236,6.818008,0.0,0.0
0.5236,6.828008,0.0,0.0
0.5236,6.838008,0.0,0.0
0.5236,6.848008,0.0,0.0
0.5236,6.858008,0.0,0.0
0.5236,6.868008,0.0,0.0
0.5236,6.878008,0.0,0.0
0.5236,6.888008,0.0,0.0
0.5236,6.898008,0.0,0.0
0.5236,6.908008,0.0,0.0
0.5236,6.918008,0.0,0.0
0.5236,6.928008,0.0,0.0
0.5236,6.938008,0.0,0.0
0.5236,6.948008,0.0,0.0
0.5236,6.958008,0.0,0.0
0.5236,6.968008,0.0,0.0
0.5236,6.978008,0.0,0.0
0.5236,6.988008,0.0,0.0
0.5236,6.998008,0.0,0.0
0.5585065,7.008008,0.0,0.0
0.5931775,7.018028,0.0002355,0.0
0.6265130000000001,7.028044,0.0018065,0.0
0.6578065000000001,7.038036,0.005419500000000001,0.0
0.687608,7.048036,0.010524500000000001,0.0
0.7167025000000001,7.058036,0.0163365,0.0
0.7457185000000002,7.06804,0.022227000000000004,0.0
0.7748130000000001,7.078016,0.028039000000000005,0.0
0.8039075000000001,7.088008,0.033851000000000006,0.0
0.833002,7.098008,0.039663000000000004,0.0
0.8620964999999998,7.108008,0.04547500000000001,0.0
0.8911909999999997,7.118008,0.051287000000000006,0.0
0.9202854999999996,7.128008,0.057099000000000004,0.0
0.9493799999999996,7.138008,0.062911,0.0
0.9784744999999996,7.148008,0.06872299999999999,0.0
1.0075689999999997,7.158008,0.07453499999999999,0.0
1.0366634999999997,7.168008,0.08034699999999999,0.0
1.0657579999999998,7.178008,0.08615899999999999,0.0
1.0948524999999998,7.188008,0.09197099999999997,0.0
1.123947,7.198008,0.09778299999999997,0.0
1.1181349999999999,7.208008,0.10359499999999995,0.0
1.1125585,7.218008,0.10917149999999996,0.0
1.1083174999999998,7.228008,0.11341249999999997,0.0
1.1061184999999998,7.238008,0.11561149999999996,0.0
1.1054114999999998,7.248008,0.11631849999999995,0.0
1.1054114999999998,7.258008,0.11631849999999995,0.0
1.1054899999999999,7.268008,0.11623999999999995,0.0
1.1054899999999999,7.278008,0.11623999999999995,0.0
1.1054899999999999,7.288008,0.11623999999999995,0.0
1.1054899999999999,7.298008,0.11623999999999995,0.0
1.1054899999999999,7.306984,0.11623999999999995,0.0
1.1054899999999999,7.316984,0.11623999999999995,0.0
1.1054899999999999,7.326984,0.11623999999999995,0.0
1.1054899999999999,7.336984,0.11623999999999995,0.0
1.1054899999999999,7.34596,0.11623999999999995,0.0
1.1054899999999999,7.35596,0.11623999999999995,0.0
1.1054899999999999,7.36596,0.11623999999999995,0.0
1.1054899999999999,7.37596,0.11623999999999995,0.0
1.1054899999999999,7.38596,0.11623999999999995,0.0
1.1054899999999999,7.39596,0.11623999999999995,0.0
1.1054899999999999,7.40596,0.11623999999999995,0.0
1.1054899999999999,7.41596,0.11623999999999995,0.0
1.1054899999999999,7.42596,0.11623999999999995,0.0
1.1054899999999999,7.43596,0.11623999999999995,0.0
1.1054899999999999,7.44596,0.11623999999999995,0.0
1.1054899999999999,7.45596,0.11623999999999995,0.0
1.1054899999999999,7.46596,0.11623999999999995,0.0
1.1054899999999999,7.47596,0.11623999999999995,0.0
1.1054899999999999,7.48596,0.11623999999999995,0.0
1.1054899999999999,7.49596,0.11623999999999995,0.0
1.1054899999999999,7.50596,0.11623999999999995,0.0
1.1054899999999999,7.514936,0.11623999999999995,0.0
1.1054899999999999,7.524936,0.11623999999999995,0.0
1.1054899999999999,7.534936,0.11623999999999995,0.0
1.1054899999999999,7.544936,0.11623999999999995,0.0
1.1054899999999999,7.554936,0.11623999999999995,0.0
1.1054899999999999,7.564936,0.11623999999999995,0.0
1.1054899999999999,7.574936,0.11623999999999995,0.0
1.1054899999999999,7.584936,0.11623999999999995,0.0
1.1054899999999999,7.594936,0.11623999999999995,0.0
1.1054899999999999,7.604936,0.11623999999999995,0.0
1.1054899999999999,7.614936,0.11623999999999995,0.0
1.1054899999999999,7.624936,0.11623999999999995,0.0
1.1054899999999999,7.634936,0.11623999999999995,0.0
1.1054899999999999,7.644936,0.11623999999999995,0.0
1.1054899999999999,7.654936,0.11623999999999995,0.0
1.1054899999999999,7.664936,0.11623999999999995,0.0
1.1054899999999999,7.67494,0.11623999999999995,0.0
1.1054899999999999,7.684936,0.11623999999999995,0.0
1.1054899999999999,7.694936,0.11623999999999995,0.0
1.1054899999999999,7.704936,0.11623999999999995,0.0
1.1054899999999999,7.714936,0.11623999999999995,0.0
1.1054899999999999,7.724936,0.11623999999999995,0.0
1.1054899999999999,7.734936,0.11623999999999995,0.0
1.1054899999999999,7.744936,0.11623999999999995,0.0
1.1054899999999999,7.754936,0.11623999999999995,0.0
1.1054899999999999,7.764936,0.11623999999999995,0.0
1.1054899999999999,7.774936,0.11623999999999995,0.0
1.1054899999999999,7.784936,0.11623999999999995,0.0
1.1054899999999999,7.794936,0.11623999999999995,0.0
1.1054899999999999,7.804936,0.11623999999999995,0.0
1.1054899999999999,7.814936,0.11623999999999995,0.0
1.1054899999999999,7.824936,0.11623999999999995,0.0
1.1054899999999999,7.834936,0.11623999999999995,0.0
1.1054899999999999,7.844936,0.11623999999999995,0.0
1.1054899999999999,7.854936,0.11623999999999995,0.0
1.1054899999999999,7.864936,0.11623999999999995,0.0
1.1054899999999999,7.874936,0.11623999999999995,0.0
1.1054899999999999,7.884936,0.11623999999999995,0.0
1.1054899999999999,7.894936,0.11623999999999995,0.0
1.1054899999999999,7.904936,0.11623999999999995,0.0
1.1054899999999999,7.914936,0.11623999999999995,0.0
1.1054899999999999,7.924936,0.11623999999999995,0.0
1.1054899999999999,7.934936,0.11623999999999995,0.0
1.1054899999999999,7.944936,0.11623999999999995,0.0
1.1054899999999999,7.954936,0.11623999999999995,0.0
1.1054899999999999,7.964936,0.11623999999999995,0.0
1.1054899999999999,7.974936,0.11623999999999995,0.0
1.1054899999999999,7.983912,0.11623999999999995,0.0
1.1054899999999999,7.993912,0.11623999999999995,0.0
1.1054899999999999,8.003912,0.11623999999999995,0.0
1.1054899999999999,8.013912,0.11623999999999995,0.0
1.1054899999999999,8.023912,0.11623999999999995,0.0
1.1054899999999999,8.033912,0.11623999999999995,0.0
1.1054899999999999,8.043912,0.11623999999999995,0.0
1.1054899999999999,8.053912,0.11623999999999995,0.0
1.1054899999999999,8.063912,0.11623999999999995,0.0
1.1054899999999999,8.073912,0.11623999999999995,0.0
1.1054899999999999,8.083912,0.11623999999999995,0.0
1.1054899999999999,8.093912,0.11623999999999995,0.0
1.1054899999999999,8.103912,0.11623999999999995,0.0
1.1054899999999999,8.113912,0.11623999999999995,0.0
1.1054899999999999,8.123912,0.11623999999999995,0.0
1.1054899999999999,8.133912,0.11623999999999995,0.0
1.1054899999999999,8.143912,0.11623999999999995,0.0
1.1054899999999999,8.152888,0.11623999999999995,0.0
1.1054899999999999,8.162888,0.11623999999999995,0.0
1.1054899999999999,8.172888,0.11623999999999995,0.0
1.1054899999999999,8.182888,0.11623999999999995,0.0
1.1054899999999999,8.192888,0.11623999999999995,0.0
1.1054899999999999,8.202888,0.11623999999999995,0.0
1.1054899999999999,8.212888,0.11623999999999995,0.0
1.1054899999999999,8.222888,0.11623999999999995,0.0
1.1054899999999999,8.232888,0.11623999999999995,0.0
1.1054899999999999,8.242888,0.11623999999999995,0.0
1.1054899999999999,8.252888,0.11623999999999995,0.0
1.1054899999999999,8.262888,0.11623999999999995,0.0
1.1054899999999999,8.272888,0.11623999999999995,0.0
1.1054899999999999,8.282888,0.11623999999999995,0.0
1.1054899999999999,8.292888,0.11623999999999995,0.0
1.1054899999999999,8.302888,0.11623999999999995,0.0
1.1054899999999999,8.312892,0.11623999999999995,0.0
1.1054899999999999,8.322888,0.11623999999999995,0.0
1.1054899999999999,8.332888,0.11623999999999995,0.0
1.1054899999999999,8.342888,0.11623999999999995,0.0
1.1054899999999999,8.352888,0.11623999999999995,0.0
1.1054899999999999,8.362888,0.11623999999999995,0.0
1.1054899999999999,8.372888,0.11623999999999995,0.0
1.1054899999999999,8.382888,0.11623999999999995,0.0
1.1054899999999999,8.392888,0.11623999999999995,0.0
1.1054899999999999,8.402888,0.11623999999999995,0.0
1.1054899999999999,8.412888,0.11623999999999995,0.0
1.1054899999999999,8.422888,0.11623999999999995,0.0
1.1054899999999999,8.432888,0.11623999999999995,0.0
1.1054899999999999,8.442888,0.11623999999999995,0.0
1.1054899999999999,8.452888,0.11623999999999995,0.0
1.1054899999999999,8.462888,0.11623999999999995,0.0
1.1054899999999999,8.472888,0.11623999999999995,0.0
1.1054899999999999,8.482888,0.11623999999999995,0.0
1.1054899999999999,8.492888,0.11623999999999995,0.0
1.1054899999999999,8.502888,0.11623999999999995,0.0
1.1054899999999999,8.512888,0.11623999999999995,0.0
1.1054899999999999,8.522888,0.11623999999999995,0.0
1.1054899999999999,8.532888,0.11623999999999995,0.0
1.1054899999999999,8.542888,0.11623999999999995,0.0
1.1054899999999999,8.552888,0.11623999999999995,0.0
1.1054899999999999,8.562888,0.11623999999999995,0.0
1.1054899999999999,8.572888,0.11623999999999995,0.0
1.1054899999999999,8.582888,0.11623999999999995,0.0
1.1054899999999999,8.592888,0.11623999999999995,0.0
1.1054899999999999,8.602888,0.11623999999999995,0.0
1.1054899999999999,8.612888,0.11623999999999995,0.0
1.1054899999999999,8.621864,0.11623999999999995,0.0
1.1054899999999999,8.631864,0.11623999999999995,0.0
1.1054899999999999,8.641864,0.11623999999999995,0.0
1.1054899999999999,8.651864,0.11623999999999995,0.0
1.1054899999999999,8.661864,0.11623999999999995,0.0
1.1054899999999999,8.671864,0.11623999999999995,0.0
1.1054899999999999,8.681864,0.11623999999999995,0.0
1.1054899999999999,8.691864,0.11623999999999995,0.0
1.1054899999999999,8.701864,0.11623999999999995,0.0
1.1054899999999999,8.711864,0.11623999999999995,0.0
1.1054899999999999,8.721864,0.11623999999999995,0.0
1.1054899999999999,8.731864,0.11623999999999995,0.0
1.1054899999999999,8.741864,0.11623999999999995,0.0
1.1054899999999999,8.751864,0.11623999999999995,0.0
1.1054899999999999,8.761864,0.11623999999999995,0.0
1.1054899999999999,8.771864,0.11623999999999995,0.0
1.1054899999999999,8.781864,0.11623999999999995,0.0
1.1054899999999999,8.79084,0.11623999999999995,0.0
1.1054899999999999,8.80084,0.11623999999999995,0.0
1.1054899999999999,8.81084,0.11623999999999995,0.0
1.1054899999999999,8.82084,0.11623999999999995,0.0
1.1054899999999999,8.83084,0.11623999999999995,0.0
1.1054899999999999,8.84084,0.11623999999999995,0.0
1.1054899999999999,8.85084,0.11623999999999995,0.0
1.1054899999999999,8.86084,0.11623999999999995,0.0
1.1054899999999999,8.87084,0.11623999999999995,0.0
1.1054899999999999,8.88084,0.11623999999999995,0.0
1.1054899999999999,8.89084,0.11623999999999995,0.0
1.1054899999999999,8.90084,0.11623999999999995,0.0
1.1054899999999999,8.91084,0.11623999999999995,0.0
1.1054899999999999,8.92084,0.11623999999999995,0.0
1.1054899999999999,8.93084,0.11623999999999995,0.0
1.1054899999999999,8.94084,0.11623999999999995,0.0
1.1054899999999999,8.950844,0.11623999999999995,0.0
1.1054899999999999,8.96084,0.11623999999999995,0.0
1.1054899999999999,8.97084,0.11623999999999995,0.0
1.1054899999999999,8.98084,0.11623999999999995,0.0
1.1054899999999999,8.99084,0.11623999999999995,0.0
1.188373,9.00084,0.11623999999999995,0.0
1.271256,9.01084,0.11623999999999995,0.0
1.3538245,9.020864,0.11655399999999996,0.0
1.4352934999999998,9.030868,0.11796749999999996,0.0
1.5151135,9.040868,0.12103049999999996,0.0
1.592577,9.049844,0.12644949999999994,0.0
1.6671345000000004,9.059844,0.13477449999999994,0.0
1.7384720000000002,9.069844,0.14631999999999995,0.0
1.8059610000000004,9.07984,0.16171399999999997,0.0
1.8692090000000006,9.08882,0.18134899999999995,0.0
1.927823000000001,9.09882,0.20561749999999998,0.0
1.981332000000001,9.10882,0.23499150000000013,0.0
2.029421500000001,9.11882,0.26978450000000015,0.0
2.0718565000000004,9.12882,0.31023250000000013,0.0
2.1083225000000003,9.13882,0.3566495000000001,0.0
2.1389765,9.14882,0.4088785000000001,0.0
2.1648395000000002,9.15882,0.4658985,0.0
2.187325,9.168824,0.5262955,0.0
2.2073759999999996,9.17882,0.5891275,0.0
2.2257774999999995,9.188824,0.6536085000000001,0.0
2.1602749999999995,9.198824,0.7191105000000001,0.0
2.0934375,9.208824,0.785948,0.0
2.0247155,9.2178,0.8546705,0.0
1.9548935,9.2278,0.9244925,0.0
1.8852285,9.2378,0.9941574999999999,0.0
1.8171344999999999,9.2478,1.0622515000000001,0.0
1.7517895,9.256752,1.1275970000000002,0.0
1.6893505000000002,9.266764,1.1900360000000003,0.0
1.629739,9.276772,1.2496475000000002,0.0
1.5730330000000001,9.286776,1.3063530000000003,0.0
1.5201755000000001,9.296776,1.3592105000000003,0.0
1.472266,9.306752,1.4071195000000003,0.0
1.4297760000000002,9.316744,1.4496095000000002,0.0
1.3926265000000002,9.326764,1.4867590000000002,0.0
1.3601895000000002,9.336772,1.519196,0.0
1.3313650000000001,9.346776,1.5480200000000002,0.0
1.3052110000000001,9.356776,1.5741735000000001,0.0
1.2809425,9.366776,1.5984425000000002,0.0
1.2584800000000003,9.376752,1.6209045,0.0
1.2377455000000002,9.386768,1.641639,0.0
1.2181105,9.396752,1.661274,0.0
1.1998105000000001,9.406744,1.6795735,0.0
1.1837095000000002,9.416744,1.6956740000000001,0.0
1.1698080000000002,9.42572,1.7095755000000001,0.0
1.1573985,9.43572,1.7219845,0.0
1.1457745000000001,9.44572,1.7336085,0.0
1.1343075,9.45572,1.745075,0.0
1.1231544999999998,9.46572,1.7562275,0.0
1.1130225,9.47572,1.766359,0.0
1.104226,9.48572,1.7751555,0.0
1.0962149999999997,9.49572,1.7831664999999999,0.0
1.0883609999999997,9.50572,1.7910205,0.0
1.0805069999999997,9.51572,1.7988745,0.0
1.0729669999999998,9.52572,1.806414,0.0
1.0666834999999997,9.53572,1.812697,0.0
1.0625995,9.54572,1.816781,0.0
1.060636,9.554696,1.8187444999999998,0.0
1.0601645,9.564696,1.8192155,0.0
1.0603215000000001,9.574696,1.8190585000000004,0.0
1.0604000000000002,9.5847,1.8189800000000007,0.0
1.0604000000000002,9.594696,1.8189800000000007,0.0
1.0604000000000002,9.604696,1.8189800000000007,0.0
1.0604000000000002,9.614696,1.8189800000000007,0.0
1.0604000000000002,9.624696,1.8189800000000007,0.0
1.0604000000000002,9.634696,1.8189800000000007,0.0
1.0604000000000002,9.644696,1.8189800000000007,0.0
1.0604000000000002,9.654696,1.8189800000000007,0.0
1.0604000000000002,9.664696,1.8189800000000007,0.0
1.0604000000000002,9.674696,1.8189800000000007,0.0
1.0604000000000002,9.684696,1.8189800000000007,0.0
1.0604000000000002,9.694696,1.8189800000000007,0.0
1.0604000000000002,9.704696,1.8189800000000007,0.0
1.0604000000000002,9.714696,1.8189800000000007,0.0
1.0604000000000002,9.723672,1.8189800000000007,0.0
1.0604000000000002,9.733672,1.8189800000000007,0.0
1.0604000000000002,9.743672,1.8189800000000007,0.0
1.0604000000000002,9.753672,1.8189800000000007,0.0
1.0604000000000002,9.763672,1.8189800000000007,0.0
1.0604000000000002,9.773672,1.8189800000000007,0.0
1.0604000000000002,9.783672,1.8189800000000007,0.0
1.0604000000000002,9.793672,1.8189800000000007,0.0
1.0604000000000002,9.803672,1.8189800000000007,0.0
1.0604000000000002,9.813672,1.8189800000000007,0.0
1.0604000000000002,9.823672,1.8189800000000007,0.0
1.0604000000000002,9.833672,1.8189800000000007,0.0
1.0604000000000002,9.843672,1.8189800000000007,0.0
1.0604000000000002,9.853672,1.8189800000000007,0.0
1.0604000000000002,9.863672,1.8189800000000007,0.0
1.0604000000000002,9.873672,1.8189800000000007,0.0
1.0604000000000002,9.883672,1.8189800000000007,0.0
1.0604000000000002,9.892648,1.8189800000000007,0.0
1.0604000000000002,9.902648,1.8189800000000007,0.0
1.0604000000000002,9.912648,1.8189800000000007,0.0
1.0604000000000002,9.922648,1.8189800000000007,0.0
1.0604000000000002,9.932648,1.8189800000000007,0.0
1.0604000000000002,9.942648,1.8189800000000007,0.0
1.0604000000000002,9.952648,1.8189800000000007,0.0
1.0604000000000002,9.962648,1.8189800000000007,0.0
1.0604000000000002,9.972648,1.8189800000000007,0.5236
1.0604000000000002,9.982648,1.8189800000000007,0.02618
1.0604000000000002,9.992648,1.8189800000000007,0.5236
1.0604000000000002,10.002648,1.8189800000000007,0.05236
1.0604000000000002,10.012648,1.8189800000000007,0.5236
1.0604000000000002,10.021624,1.8189800000000007,0.07854
1.0604000000000002,10.031624,1.8189800000000007,0.5236
1.0604000000000002,10.041624,1.8189800000000007,0.10472
1.0604000000000002,10.051624,1.8189800000000007,0.5236
1.0604000000000002,10.0606,1.8189800000000007,0.1309
1.0604000000000002,10.0706,1.8189800000000007,0.5236
1.0604000000000002,10.0806,1.8189800000000007,0.15708
1.0604000000000002,10.0906,1.8189800000000007,0.5236
1.0604000000000002,10.1006,1.8189800000000007,0.18326
1.0604000000000002,10.1106,1.8189800000000007,0.5236
1.0604000000000002,10.1206,1.8189800000000007,0.20944
1.0604000000000002,10.1306,1.8189800000000007,0.5236
1.0604000000000002,10.1406,1.8189800000000007,0.23562
1.0604000000000002,10.1506,1.8189800000000007,0.5236
1.0604000000000002,10.1606,1.8189800000000007,0.2618
1.0604000000000002,10.1706,1.8189800000000007,0.5236
1.0604000000000002,10.1806,1.8189800000000007,0.28798
1.0604000000000002,10.189576,1.8189800000000007,0.5236
1.0604000000000002,10.199576,1.8189800000000007,0.31416
1.0604000000000002,10.209576,1.8189800000000007,0.5236
1.0604000000000002,10.21958,1.8189800000000007,0.34034000000000003
1.0604000000000002,10.229576,1.8189800000000007,0.5236
1.0604000000000002,10.239576,1.8189800000000007,0.36652
1.0604000000000002,10.249576,1.8189800000000007,0.5236
1.0604000000000002,10.259576,1.8189800000000007,0.39270000000000005
1.0604000000000002,10.269576,1.8189800000000007,0.5236
1.0604000000000002,10.279576,1.8189800000000007,0.41888
1.0604000000000002,10.289576,1.8189800000000007,0.5236
1.0604000000000002,10.299576,1.8189800000000007,0.44506
1.0604000000000002,10.309576,1.8189800000000007,0.5236
1.0604000000000002,10.319576,1.8189800000000007,0.47124
1.0604000000000002,10.329576,1.8189800000000007,0.5236
1.0604000000000002,10.339576,1.8189800000000007,0.49742
1.0604000000000002,10.349576,1.8189800000000007,0.5236
1.0604000000000002,10.358552,1.8189800000000007,0.5236
1.0604000000000002,10.368552,1.8189800000000007,0.5236
1.0604000000000002,10.378552,1.8189800000000007,0.5236
1.0604000000000002,10.388552,1.8189800000000007,0.5236
1.0604000000000002,10.398552,1.8189800000000007,0.5236
1.0604000000000002,10.408552,1.8189800000000007,0.5236
1.0604000000000002,10.418552,1.8189800000000007,0.5236
1.0604000000000002,10.428552,1.8189800000000007,0.5236
1.0604000000000002,10.438552,1.8189800000000007,0.5236
1.0604000000000002,10.448552,1.8189800000000007,0.5236
1.0604000000000002,10.458552,1.8189800000000007,0.5236
1.0604000000000002,10.468552,1.8189800000000007,0.5236
1.0604000000000002,10.478552,1.8189800000000007,0.5236
1.0604000000000002,10.487528,1.8189800000000007,0.5236
1.0604000000000002,10.497528,1.8189800000000007,0.5236
1.0604000000000002,10.507528,1.8189800000000007,0.5236
1.0604000000000002,10.517528,1.8189800000000007,0.5236
1.0604000000000002,10.526504,1.8189800000000007,0.5236
1.0604000000000002,10.536504,1.8189800000000007,0.5236
1.0604000000000002,10.546504,1.8189800000000007,0.5236
1.0604000000000002,10.556504,1.8189800000000007,0.5236
1.0604000000000002,10.566504,1.8189800000000007,0.5236
1.0604000000000002,10.576504,1.8189800000000007,0.5236
1.0604000000000002,10.586504,1.8189800000000007,0.5236
1.0604000000000002,10.596504,1.8189800000000007,0.5236
1.0604000000000002,10.606504,1.8189800000000007,0.5236
1.0604000000000002,10.616504,1.8189800000000007,0.5236
1.0604000000000002,10.626504,1.8189800000000007,0.5236
1.0604000000000002,10.636504,1.8189800000000007,0.5236
1.0604000000000002,10.646504,1.8189800000000007,0.5236
1.0604000000000002,10.65548,1.8189800000000007,0.5236
1.0604000000000002,10.66548,1.8189800000000007,0.5236
1.0604000000000002,10.67548,1.8189800000000007,0.5236
1.0604000000000002,10.68548,1.8189800000000007,0.5236
1.0604000000000002,10.694456,1.8189800000000007,0.5236
1.0604000000000002,10.704456,1.8189800000000007,0.5236
1.0604000000000002,10.714456,1.8189800000000007,0.5236
1.0604000000000002,10.724456,1.8189800000000007,0.5236
1.0604000000000002,10.734456,1.8189800000000007,0.5236
1.0604000000000002,10.744456,1.8189800000000007,0.5236
1.0604000000000002,10.754456,1.8189800000000007,0.5236
1.0604000000000002,10.764456,1.8189800000000007,0.5236
1.0604000000000002,10.774456,1.8189800000000007,0.5236
1.0604000000000002,10.784456,1.8189800000000007,0.5236
1.0604000000000002,10.794456,1.8189800000000007,0.5236
1.0604000000000002,10.804456,1.8189800000000007,0.5236
1.0604000000000002,10.814456,1.8189800000000007,0.5236
1.0604000000000002,10.823432,1.8189800000000007,0.5236
1.0604000000000002,10.833432,1.8189800000000007,0.5236
1.0604000000000002,10.843432,1.8189800000000007,0.5236
1.0604000000000002,10.853436,1.8189800000000007,0.5236
1.0604000000000002,10.863432,1.8189800000000007,0.5236
1.0604000000000002,10.873432,1.8189800000000007,0.5236
1.0604000000000002,10.883432,1.8189800000000007,0.5236
1.0604000000000002,10.893432,1.8189800000000007,0.5236
1.0604000000000002,10.903432,1.8189800000000007,0.5236
1.0604000000000002,10.913432,1.8189800000000007,0.5236
1.0604000000000002,10.923432,1.8189800000000007,0.5236
1.0604000000000002,10.933432,1.8189800000000007,0.5236
1.0604000000000002,10.943432,1.8189800000000007,0.5236
1.0604000000000002,10.953432,1.8189800000000007,0.5236
1.0604000000000002,10.963432,1.8189800000000007,0.5236
1.0604000000000002,10.973432,1.8189800000000007,0.5236
1.0604000000000002,10.983432,1.8189800000000007,0.5236
1.0604000000000002,10.992408,1.8189800000000007,0.5236
1.0036975000000001,11.002408,1.8189800000000007,0.5236
0.9469949999999999,11.012408,1.8189800000000007,0.5236
0.8902924999999998,11.022408,1.8189800000000007,0.5236
0.8335899999999999,11.032408,1.8189800000000007,0.5236
0.7768874999999998,11.042408,1.8189800000000007,0.5236
0.7201849999999999,11.052408,1.8189800000000007,0.5236
0.6634824999999999,11.062408,1.8189800000000007,0.5236
0.60678,11.072408,1.8189800000000007,0.5236
0.5500774999999999,11.082408,1.8189800000000007,0.5236
0.4933749999999999,11.092408,1.8189800000000007,0.5236
0.4366725,11.102408,1.8189800000000007,0.5236
0.37997,11.112408,1.8189800000000007,0.5236
0.3232675,11.122408,1.8189800000000007,0.5236
0.26656500000000005,11.132408,1.8189800000000007,0.5236
0.20986250000000004,11.142408,1.8189800000000007,0.5236
0.15316000000000005,11.152408,1.8189800000000007,0.5236
0.09645750000000003,11.161384,1.8189800000000007,0.5236
0.03975500000000002,11.171384,1.8189800000000007,0.5236
-0.016947499999999994,11.181384,1.8189800000000007,0.5236
-0.07365,11.191384,1.8189800000000007,0.5236
-0.07365,11.201384,1.8189800000000007,0.5236
-0.07365,11.211384,1.8189800000000007,0.5236
-0.07365,11.221384,1.8189800000000007,0.5236
-0.07365,11.231384,1.8189800000000007,0.5236
-0.07365,11.241384,1.8189800000000007,0.5236
-0.07365,11.251384,1.8189800000000007,0.5236
-0.07365,11.261384,1.8189800000000007,0.5236
-0.07365,11.271384,1.8189800000000007,0.5236
-0.07365,11.281384,1.8189800000000007,0.5236
-0.07365,11.29036,1.8189800000000007,0.5236
-0.07365,11.30036,1.8189800000000007,0.5236
-0.07365,11.31036,1.8189800000000007,0.5236
-0.07365,11.32036,1.8189800000000007,0.5236
-0.07365,11.329336,1.8189800000000007,0.5236
-0.07365,11.339336,1.8189800000000007,0.5236
-0.07365,11.349336,1.8189800000000007,0.5236
-0.07365,11.359336,1.8189800000000007,0.5236
-0.07365,11.369336,1.8189800000000007,0.5236
-0.07365,11.379336,1.8189800000000007,0.5236
-0.07365,11.389336,1.8189800000000007,0.5236
-0.07365,11.399336,1.8189800000000007,0.5236
-0.07365,11.409336,1.8189800000000007,0.5236
-0.07365,11.419336,1.8189800000000007,0.5236
-0.07365,11.429336,1.8189800000000007,0.5236
-0.07365,11.439336,1.8189800000000007,0.5236
-0.07365,11.449336,1.8189800000000007,0.5236
-0.07365,11.458312,1.8189800000000007,0.5236
-0.07365,11.468312,1.8189800000000007,0.5236
-0.07365,11.478312,1.8189800000000007,0.5236
-0.07365,11.488316,1.8189800000000007,0.5236
-0.07365,11.498312,1.8189800000000007,0.5236
-0.07365,11.508312,1.8189800000000007,0.5236
-0.07365,11.518312,1.8189800000000007,0.5236
-0.07365,11.528312,1.8189800000000007,0.5236
-0.07365,11.538312,1.8189800000000007,0.5236
-0.07365,11.548312,1.8189800000000007,0.5236
-0.07365,11.558312,1.8189800000000007,0.5236
-0.07365,11.568312,1.8189800000000007,0.5236
-0.07365,11.578312,1.8189800000000007,0.5236
-0.07365,11.588312,1.8189800000000007,0.5236
-0.07365,11.598312,1.8189800000000007,0.5236
-0.07365,11.608312,1.8189800000000007,0.5236
-0.07365,11.618312,1.8189800000000007,0.5236
-0.07365,11.627288,1.8189800000000007,0.5236
-0.07365,11.637288,1.8189800000000007,0.5236
-0.07365,11.647288,1.8189800000000007,0.5236
-0.07365,11.657288,1.8189800000000007,0.5236
-0.07365,11.667288,1.8189800000000007,0.5236
-0.07365,11.677288,1.8189800000000007,0.5236
-0.07365,11.687288,1.8189800000000007,0.5236
-0.07365,11.697288,1.8189800000000007,0.5236
-0.07365,11.707288,1.8189800000000007,0.5236
-0.07365,11.717288,1.8189800000000007,0.5236
-0.07365,11.727288,1.8189800000000007,0.5236
-0.07365,11.737288,1.8189800000000007,0.5236
-0.07365,11.747288,1.8189800000000007,0.5236
-0.07365,11.757288,1.8189800000000007,0.5236
-0.07365,11.767288,1.8189800000000007,0.5236
-0.07365,11.777288,1.8189800000000007,0.5236
-0.07365,11.787288,1.8189800000000007,0.5236
-0.07365,11.796264,1.8189800000000007,0.5236
-0.07365,11.806264,1.8189800000000007,0.5236
-0.07365,11.816264,1.8189800000000007,0.5236
-0.07365,11.826264,1.8189800000000007,0.5236
-0.07365,11.836264,1.8189800000000007,0.5236
-0.07365,11.846264,1.8189800000000007,0.5236
-0.07365,11.856264,1.8189800000000007,0.5236
-0.07365,11.866264,1.8189800000000007,0.5236
-0.07365,11.876264,1.8189800000000007,0.5236
-0.07365,11.886264,1.8189800000000007,0.5236
-0.07365,11.896264,1.8189800000000007,0.5236
-0.07365,11.906264,1.8189800000000007,0.5236
-0.07365,11.916264,1.8189800000000007,0.5236
-0.07365,11.92524,1.8189800000000007,0.5236
-0.07365,11.93524,1.8189800000000007,0.5236
-0.07365,11.94524,1.8189800000000007,0.5236
-0.07365,11.95524,1.8189800000000007,0.5236
-0.07365,11.964216,1.8189800000000007,0.5236
-0.07365,11.974216,1.8189800000000007,0.5236
-0.07365,11.984216,1.8189800000000007,0.5236
-0.07365,11.994216,1.8189800000000007,0.5236
-0.07365,12.004216,1.8189800000000007,0.5236
-0.07365,12.014216,1.8189800000000007,0.5236
-0.07365,12.024216,1.8189800000000007,0.5236
-0.07365,12.034216,1.8189800000000007,0.5236
-0.07365,12.044216,1.8189800000000007,0.5236
-0.07365,12.054216,1.8189800000000007,0.5236
-0.07365,12.064216,1.8189800000000007,0.5236
-0.07365,12.074216,1.8189800000000007,0.5236
-0.07365,12.084216,1.8189800000000007,0.5236
-0.07365,12.093192,1.8189800000000007,0.5236
-0.07365,12.103192,1.8189800000000007,0.5236
-0.07365,12.113192,1.8189800000000007,0.5236
-0.07365,12.123196,1.8189800000000007,0.5236
-0.07365,12.133192,1.8189800000000007,0.5236
-0.07365,12.143192,1.8189800000000007,0.5236
-0.07365,12.153192,1.8189800000000007,0.5236
-0.07365,12.163192,1.8189800000000007,0.5236
-0.07365,12.173192,1.8189800000000007,0.5236
-0.07365,12.183192,1.8189800000000007,0.5236
-0.07365,12.193192,1.8189800000000007,0.5236
-0.07365,12.203192,1.8189800000000007,0.5236
-0.07365,12.213192,1.8189800000000007,0.5236
-0.07365,12.223192,1.8189800000000007,0.5236
-0.07365,12.233192,1.8189800000000007,0.5236
-0.07365,12.243192,1.8189800000000007,0.5236
-0.07365,12.253192,1.8189800000000007,0.5236
-0.07365,12.262168,1.8189800000000007,0.5236
-0.07365,12.272168,1.8189800000000007,0.5236
-0.07365,12.282168,1.8189800000000007,0.5236
-0.07365,12.292168,1.8189800000000007,0.5236
-0.07365,12.302168,1.8189800000000007,0.5236
-0.07365,12.312168,1.8189800000000007,0.5236
-0.07365,12.322168,1.8189800000000007,0.5236
-0.07365,12.332168,1.8189800000000007,0.5236
-0.07365,12.342168,1.8189800000000007,0.5236
-0.07365,12.352168,1.8189800000000007,0.5236
-0.07365,12.362168,1.8189800000000007,0.5236
-0.07365,12.372168,1.8189800000000007,0.5236
-0.07365,12.382168,1.8189800000000007,0.5236
-0.07365,12.391144,1.8189800000000007,0.5236
-0.07365,12.401144,1.8189800000000007,0.5236
-0.07365,12.411144,1.8189800000000007,0.5236
-0.07365,12.421144,1.8189800000000007,0.5236
-0.07365,12.43012,1.8189800000000007,0.5236
-0.07365,12.44012,1.8189800000000007,0.5236
-0.07365,12.45012,1.8189800000000007,0.5236
-0.07365,12.46012,1.8189800000000007,0.5236
-0.07365,12.47012,1.8189800000000007,0.5236
-0.07365,12.48012,1.8189800000000007,0.5236
-0.07365,12.49012,1.8189800000000007,0.5236
-0.07365,12.50012,1.8189800000000007,0.5236
-0.07365,12.51012,1.8189800000000007,0.5236
-0.07365,12.519096,1.8189800000000007,0.5236
-0.07365,12.529096,1.8189800000000007,0.5236
-0.07365,12.539096,1.8189800000000007,0.5236
-0.07365,12.549096,1.8189800000000007,0.5236
-0.07365,12.558072,1.8189800000000007,0.5236
-0.07365,12.568072,1.8189800000000007,0.5236
-0.07365,12.578072,1.8189800000000007,0.5236
-0.07365,12.588072,1.8189800000000007,0.5236
-0.07365,12.597048,1.8189800000000007,0.5236
-0.07365,12.607048,1.8189800000000007,0.5236
-0.07365,12.617048,1.8189800000000007,0.5236
-0.07365,12.627048,1.8189800000000007,0.5236
-0.07365,12.637048,1.8189800000000007,0.5236
-0.07365,12.647048,1.8189800000000007,0.5236
-0.07365,12.657048,1.8189800000000007,0.5236
-0.07365,12.667048,1.8189800000000007,0.5236
-0.07365,12.677048,1.8189800000000007,0.5236
-0.07365,12.686024,1.8189800000000007,0.5236
-0.07365,12.696024,1.8189800000000007,0.5236
-0.07365,12.706024,1.8189800000000007,0.5236
-0.07365,12.716024,1.8189800000000007,0.5236
-0.07365,12.725,1.8189800000000007,0.5236
-0.07365,12.735,1.8189800000000007,0.5236
-0.07365,12.745,1.8189800000000007,0.5236
-0.07365,12.755004,1.8189800000000007,0.5236
-0.07365,12.765,1.8189800000000007,0.5236
-0.07365,12.775,1.8189800000000007,0.5236
-0.07365,12.785,1.8189800000000007,0.5236
-0.07365,12.795,1.8189800000000007,0.5236
-0.07365,12.805,1.8189800000000007,0.5236
-0.07365,12.815,1.8189800000000007,0.5236
-0.07365,12.825,1.8189800000000007,0.5236
-0.07365,12.835,1.8189800000000007,0.5236
-0.07365,12.845,1.8189800000000007,0.5236
-0.07365,12.853976,1.8189800000000007,0.5236
-0.07365,12.863976,1.8189800000000007,0.5236
-0.07365,12.873976,1.8189800000000007,0.5236
-0.07365,12.883976,1.8189800000000007,0.5236
-0.07365,12.892952,1.8189800000000007,0.5236
-0.07365,12.902952,1.8189800000000007,0.5236
-0.07365,12.912952,1.8189800000000007,0.5236
-0.07365,12.922952,1.8189800000000007,0.5236
-0.07365,12.932952,1.8189800000000007,0.5236
-0.07365,12.942952,1.8189800000000007,0.5236
-0.07365,12.952952,1.8189800000000007,0.5236
-0.07365,12.962952,1.8189800000000007,0.5236
-0.07365,12.972952,1.8189800000000007,0.5236
-0.07365,12.981928,1.8189800000000007,0.5236
-0.07365,12.991928,1.8189800000000007,0.5236
0.10960950000000019,13.001928,1.8189800000000007,0.5236
0.29318300000000014,13.011948,1.8186660000000003,0.5236
0.4770704999999996,13.020912,1.8180380000000005,0.5236
0.6603299999999996,13.030928,1.8180380000000005,0.5236
0.8421754999999997,13.040936,1.8194520000000005,0.5236
1.0220574999999998,13.050932,1.8228295000000003,0.5236
1.1990334999999999,13.059916,1.8291130000000004,0.5236
1.3726325,13.069908,1.8387735000000003,0.5236
1.5426185000000001,13.079912,1.8520470000000004,0.5236
1.7085205000000003,13.089908,1.8694045000000004,0.5236
1.8699460000000003,13.099908,1.8912385000000005,0.5236
2.0264235000000004,13.108884,1.9180205000000006,0.5236
2.1775600000000006,13.118888,1.9501435000000005,0.5236
2.3230415000000004,13.128888,1.9879215000000003,0.5236
2.462554000000001,13.1389,2.0316685,0.5236
2.5958620000000003,13.14786,2.08162,0.5236
2.7230440000000002,13.15786,2.1376975,0.5236
2.8441785000000004,13.16786,2.1998225,0.5236
2.9587155000000003,13.17788,2.268545,0.5236
3.0661840000000002,13.186836,2.3443359999999998,0.5236
2.9837170000000004,13.196836,2.426803,0.5236
2.8950455,13.206836,2.5154745,0.5236
2.800405,13.21684,2.610115,0.5236
2.700502,13.225816,2.710018,0.5236
2.59628,13.235816,2.81424,0.5236
2.4893875000000003,13.245816,2.9211325,0.5236
2.382181,13.255812,3.028339,0.5236
2.2759949999999995,13.265808,3.134525,0.5236
2.1721654999999997,13.275812,3.2383545,0.5236
2.0721844999999997,13.285792,3.3383355000000003,0.5236
1.9764439999999999,13.295808,3.4340760000000006,0.5236
1.8847874999999996,13.305812,3.525732500000001,0.5236
1.7968229999999996,13.314784,3.6136970000000006,0.5236
1.7125499999999996,13.324784,3.697970000000001,0.5236
1.6329104999999995,13.334788,3.7776095000000005,0.5236
1.5590829999999998,13.344768,3.8514370000000007,0.5236
1.4913814999999997,13.353736,3.919138500000001,0.5236
1.4297274999999998,13.363736,3.9807925000000015,0.5236
1.3746709999999998,13.373736,4.035849000000002,0.5236
1.326683,13.38374,4.083837000000001,0.5236
1.285371,13.393736,4.125149000000001,0.5236
1.2499495,13.403736,4.160570500000001,0.5236
1.220183,13.413736,4.190337000000001,0.5236
1.196307,13.423736,4.214213000000001,0.5236
1.178164,13.433736,4.232356000000001,0.5236
1.164655,13.443736,4.245865000000001,0.5236
1.154366,13.453736,4.256154,0.5236
1.1464334999999999,13.463736,4.2640865,0.5236
1.1397574999999998,13.473736,4.270762499999999,0.5236
1.133317,13.483736,4.277202999999999,0.5236
1.1271124999999997,13.493736,4.283407499999999,0.5236
1.1217719999999998,13.503736,4.288748,0.5236
1.1180805,13.513736,4.2924394999999995,0.5236
1.1163525,13.522712,4.2941674999999995,0.5236
1.11596,13.532712,4.29456,0.5236
1.11596,13.542712,4.29456,0.5236
1.11596,13.552712,4.29456,0.5236
1.11596,13.562712,4.29456,0.5236
1.11596,13.572712,4.29456,0.5236
1.11596,13.582712,4.29456,0.5236
1.11596,13.592712,4.29456,0.5236
1.11596,13.602712,4.29456,0.5236
1.11596,13.612712,4.29456,0.5236
1.11596,13.622712,4.29456,0.5236
1.11596,13.632712,4.29456,0.5236
1.11596,13.642712,4.29456,0.5236
1.11596,13.651688,4.29456,0.5236
1.11596,13.661688,4.29456,0.5236
1.11596,13.671688,4.29456,0.5236
1.11596,13.681688,4.29456,0.5236
1.11596,13.690664,4.29456,0.5236
1.11596,13.700664,4.29456,0.5236
1.11596,13.710664,4.29456,0.5236
1.11596,13.720664,4.29456,0.5236
1.11596,13.730664,4.29456,0.5236
1.11596,13.740664,4.29456,0.5236
1.11596,13.750664,4.29456,0.5236
1.11596,13.760664,4.29456,0.5236
1.11596,13.770664,4.29456,0.5236
1.11596,13.780664,4.29456,0.5236
1.11596,13.790664,4.29456,0.5236
1.11596,13.800664,4.29456,0.5236
1.11596,13.810664,4.29456,0.5236
1.11596,13.81964,4.29456,0.5236
1.11596,13.82964,4.29456,0.5236
1.11596,13.83964,4.29456,0.5236
1.11596,13.84964,4.29456,0.5236
1.11596,13.858616,4.29456,0.5236
1.11596,13.868616,4.29456,0.5236
1.11596,13.878616,4.29456,0.5236
1.11596,13.888616,4.29456,0.5236
1.11596,13.898616,4.29456,0.5236
1.11596,13.908616,4.29456,0.5236
1.11596,13.918616,4.29456,0.5236
1.11596,13.928616,4.29456,0.5236
1.11596,13.938616,4.29456,0.5236
1.11596,13.948616,4.29456,1.22173
1.11596,13.958616,4.29456,0.5585065
1.11596,13.968616,4.29456,1.22173
1.11596,13.978616,4.29456,0.5934130000000001
1.11596,13.987592,4.29456,1.22173
1.11596,13.997592,4.29456,0.6283195
1.11596,14.007592,4.29456,1.22173
1.11596,14.017596,4.29456,0.6632260000000001
1.11596,14.027592,4.29456,1.22173
1.11596,14.037592,4.29456,0.6981325
1.11596,14.047592,4.29456,1.22173
1.11596,14.057592,4.29456,0.7330390000000001
1.11596,14.067592,4.29456,1.22173
1.11596,14.077592,4.29456,0.7679455000000001
1.11596,14.087592,4.29456,1.22173
1.11596,14.097592,4.29456,0.8028520000000001
1.11596,14.107592,4.29456,1.22173
1.11596,14.117592,4.29456,0.8377585000000001
1.11596,14.127592,4.29456,1.22173
1.11596,14.137592,4.29456,0.872665
1.11596,14.147592,4.29456,1.22173
1.11596,14.156568,4.29456,0.9075714999999998
1.11596,14.166568,4.29456,1.22173
1.11596,14.176568,4.29456,0.9424779999999997
1.11596,14.186568,4.29456,1.22173
1.11596,14.196568,4.29456,0.9773844999999997
1.11596,14.206568,4.29456,1.22173
1.11596,14.216568,4.29456,1.0122909999999998
1.11596,14.226568,4.29456,1.22173
1.11596,14.236568,4.29456,1.0471975
1.11596,14.246568,4.29456,1.22173
1.11596,14.256568,4.29456,1.082104
1.11596,14.266568,4.29456,1.22173
1.11596,14.276568,4.29456,1.1170105000000001
1.11596,14.285544,4.29456,1.22173
1.11596,14.295544,4.29456,1.1519170000000003
1.11596,14.305544,4.29456,1.22173
1.11596,14.315544,4.29456,1.1868235000000005
1.11596,14.32452,4.29456,1.22173
1.11596,14.33452,4.29456,1.2217300000000006
1.11596,14.34452,4.29456,1.22173
1.11596,14.35452,4.29456,1.2217300000000006
1.11596,14.36452,4.29456,1.22173
1.11596,14.37452,4.29456,1.2217300000000006
1.11596,14.38452,4.29456,1.22173
1.11596,14.39452,4.29456,1.2217300000000006
1.11596,14.40452,4.29456,1.22173
1.11596,14.41452,4.29456,1.2217300000000006
1.11596,14.42452,4.29456,1.22173
1.11596,14.43452,4.29456,1.2217300000000006
1.11596,14.44452,4.29456,1.22173
1.11596,14.453496,4.29456,1.2217300000000006
1.11596,14.463496,4.29456,1.22173
1.11596,14.473496,4.29456,1.2217300000000006
1.11596,14.483496,4.29456,1.22173
1.11596,14.492472,4.29456,1.2217300000000006
1.11596,14.502472,4.29456,1.22173
1.11596,14.512472,4.29456,1.2217300000000006
1.11596,14.522472,4.29456,1.22173
1.11596,14.532472,4.29456,1.2217300000000006
1.11596,14.542472,4.29456,1.22173
1.11596,14.552472,4.29456,1.2217300000000006
1.11596,14.562472,4.29456,1.22173
1.11596,14.572472,4.29456,1.2217300000000006
1.11596,14.582472,4.29456,1.22173
1.11596,14.592472,4.29456,1.2217300000000006
1.11596,14.602472,4.29456,1.22173
1.11596,14.612472,4.29456,1.2217300000000006
1.11596,14.621448,4.29456,1.22173
1.11596,14.631448,4.29456,1.2217300000000006
1.11596,14.641448,4.29456,1.22173
1.11596,14.651452,4.29456,1.2217300000000006
1.11596,14.661448,4.29456,1.22173
1.11596,14.671448,4.29456,1.2217300000000006
1.11596,14.681448,4.29456,1.22173
1.11596,14.691448,4.29456,1.2217300000000006
1.11596,14.701448,4.29456,1.22173
1.11596,14.711448,4.29456,1.2217300000000006
1.11596,14.721448,4.29456,1.22173
1.11596,14.731448,4.29456,1.2217300000000006
1.11596,14.741448,4.29456,1.22173
1.11596,14.751448,4.29456,1.2217300000000006
1.11596,14.761448,4.29456,1.22173
1.11596,14.771448,4.29456,1.2217300000000006
1.11596,14.781448,4.29456,1.22173
1.11596,14.790424,4.29456,1.2217300000000006
1.11596,14.800424,4.29456,1.22173
1.11596,14.810424,4.29456,1.2217300000000006
1.11596,14.820424,4.29456,1.22173
1.11596,14.830424,4.29456,1.2217300000000006
1.11596,14.840424,4.29456,1.22173
1.11596,14.850424,4.29456,1.2217300000000006
1.11596,14.860424,4.29456,1.22173
1.11596,14.870424,4.29456,1.2217300000000006
1.11596,14.880424,4.29456,1.22173
1.11596,14.890424,4.29456,1.2217300000000006
1.11596,14.900424,4.29456,1.22173
1.11596,14.910424,4.29456,1.2217300000000006
1.11596,14.9194,4.29456,1.22173
1.11596,14.9294,4.29456,1.2217300000000006
1.11596,14.9394,4.29456,1.22173
1.11596,14.9494,4.29456,1.2217300000000006
1.11596,14.958376,4.29456,1.22173
1.11596,14.968376,4.29456,1.2217300000000006
1.11596,14.978376,4.29456,1.22173
1.11596,14.988376,4.29456,1.2217300000000006
1.11596,14.998376,4.29456,1.22173
1.0461470000000002,15.008376,4.29456,1.2217300000000006
0.976334,15.018376,4.29456,1.22173
0.9065209999999999,15.028376,4.29456,1.2217300000000006
0.8367079999999998,15.038376,4.29456,1.22173
0.7668949999999999,15.048376,4.29456,1.2217300000000006
0.6970819999999999,15.058376,4.29456,1.22173
0.6272689999999999,15.068376,4.29456,1.2217300000000006
0.5574559999999998,15.078376,4.29456,1.22173
0.4876429999999998,15.087352,4.29456,1.2217300000000006
0.41782999999999987,15.097352,4.29456,1.22173
0.34801699999999985,15.107352,4.29456,1.2217300000000006
0.27820399999999984,15.117352,4.29456,1.22173
0.20839099999999977,15.126328,4.29456,1.2217300000000006
0.1385779999999999,15.136328,4.29456,1.22173
0.068765,15.146328,4.29456,1.2217300000000006
-0.0010479999999999602,15.156328,4.29456,1.22173
-0.070861,15.166328,4.29456,1.2217300000000006
-0.140674,15.176328,4.29456,1.22173
-0.210487,15.186328,4.29456,1.2217300000000006
-0.2803000000000001,15.196328,4.29456,1.22173
-0.2803000000000001,15.206328,4.29456,1.2217300000000006
-0.2803000000000001,15.216328,4.29456,1.22173
-0.2803000000000001,15.226328,4.29456,1.2217300000000006
-0.2803000000000001,15.236328,4.29456,1.22173
-0.2803000000000001,15.246328,4.29456,1.2217300000000006
-0.2803000000000001,15.255304,4.29456,1.22173
-0.2803000000000001,15.265304,4.29456,1.2217300000000006
-0.2803000000000001,15.275304,4.29456,1.22173
-0.2803000000000001,15.285308,4.29456,1.2217300000000006
-0.2803000000000001,15.295304,4.29456,1.22173
-0.2803000000000001,15.305304,4.29456,1.2217300000000006
-0.2803000000000001,15.315304,4.29456,1.22173
-0.2803000000000001,15.325304,4.29456,1.2217300000000006
-0.2803000000000001,15.335304,4.29456,1.22173
-0.2803000000000001,15.345304,4.29456,1.2217300000000006
-0.2803000000000001,15.355304,4.29456,1.22173
-0.2803000000000001,15.365304,4.29456,1.2217300000000006
-0.2803000000000001,15.375304,4.29456,1.22173
-0.2803000000000001,15.385304,4.29456,1.2217300000000006
-0.2803000000000001,15.395304,4.29456,1.22173
-0.2803000000000001,15.405304,4.29456,1.2217300000000006
-0.2803000000000001,15.415304,4.29456,1.22173
-0.2803000000000001,15.42428,4.29456,1.2217300000000006
-0.2803000000000001,15.43428,4.29456,1.22173
-0.2803000000000001,15.44428,4.29456,1.2217300000000006
-0.2803000000000001,15.45428,4.29456,1.22173
-0.2803000000000001,15.46428,4.29456,1.2217300000000006
-0.2803000000000001,15.47428,4.29456,1.22173
-0.2803000000000001,15.48428,4.29456,1.2217300000000006
-0.2803000000000001,15.49428,4.29456,1.22173
-0.2803000000000001,15.50428,4.29456,1.2217300000000006
-0.2803000000000001,15.51428,4.29456,1.22173
-0.2803000000000001,15.52428,4.29456,1.2217300000000006
-0.2803000000000001,15.53428,4.29456,1.22173
-0.2803000000000001,15.54428,4.29456,1.2217300000000006
-0.2803000000000001,15.553256,4.29456,1.22173
-0.2803000000000001,15.563256,4.29456,1.2217300000000006
-0.2803000000000001,15.573256,4.29456,1.22173
-0.2803000000000001,15.583256,4.29456,1.2217300000000006
-0.2803000000000001,15.592232,4.29456,1.22173
-0.2803000000000001,15.602232,4.29456,1.2217300000000006
-0.2803000000000001,15.612232,4.29456,1.22173
-0.2803000000000001,15.622232,4.29456,1.2217300000000006
-0.2803000000000001,15.632232,4.29456,1.22173
-0.2803000000000001,15.642232,4.29456,1.2217300000000006
-0.2803000000000001,15.652232,4.29456,1.22173
-0.2803000000000001,15.662232,4.29456,1.2217300000000006
-0.2803000000000001,15.672232,4.29456,1.22173
-0.2803000000000001,15.682232,4.29456,1.2217300000000006
-0.2803000000000001,15.692232,4.29456,1.22173
-0.2803000000000001,15.702232,4.29456,1.2217300000000006
-0.2803000000000001,15.712232,4.29456,1.22173
-0.2803000000000001,15.721208,4.29456,1.2217300000000006
-0.2803000000000001,15.731208,4.29456,1.22173
-0.2803000000000001,15.741208,4.29456,1.2217300000000006
-0.2803000000000001,15.751208,4.29456,1.22173
-0.2803000000000001,15.760184,4.29456,1.2217300000000006
-0.2803000000000001,15.770184,4.29456,1.22173
-0.2803000000000001,15.780184,4.29456,1.2217300000000006
-0.2803000000000001,15.790184,4.29456,1.22173
-0.2803000000000001,15.800184,4.29456,1.2217300000000006
-0.2803000000000001,15.810184,4.29456,1.22173
-0.2803000000000001,15.820184,4.29456,1.2217300000000006
-0.2803000000000001,15.830184,4.29456,1.22173
-0.2803000000000001,15.840184,4.29456,1.2217300000000006
-0.2803000000000001,15.850184,4.29456,1.22173
-0.2803000000000001,15.860184,4.29456,1.2217300000000006
-0.2803000000000001,15.870184,4.29456,1.22173
-0.2803000000000001,15.880184,4.29456,1.2217300000000006
-0.2803000000000001,15.88916,4.29456,1.22173
-0.2803000000000001,15.89916,4.29456,1.2217300000000006
-0.2803000000000001,15.90916,4.29456,1.22173
-0.2803000000000001,15.919164,4.29456,1.2217300000000006
-0.2803000000000001,15.92916,4.29456,1.22173
-0.2803000000000001,15.93916,4.29456,1.2217300000000006
-0.2803000000000001,15.94916,4.29456,1.22173
-0.2803000000000001,15.95916,4.29456,1.2217300000000006
-0.2803000000000001,15.96916,4.29456,1.22173
-0.2803000000000001,15.97916,4.29456,1.2217300000000006
-0.2803000000000001,15.98916,4.29456,1.22173
-0.2803000000000001,15.99916,4.29456,1.2217300000000006
-0.2803000000000001,16.00916,4.29456,1.22173
-0.2803000000000001,16.018136,4.29456,1.2217300000000006
-0.2803000000000001,16.028136,4.29456,1.22173
-0.2803000000000001,16.038136,4.29456,1.2217300000000006
-0.2803000000000001,16.048136,4.29456,1.22173
-0.2803000000000001,16.057112,4.29456,1.2217300000000006
-0.2803000000000001,16.067112,4.29456,1.22173
-0.2803000000000001,16.077112,4.29456,1.2217300000000006
-0.2803000000000001,16.087112,4.29456,1.22173
-0.2803000000000001,16.097112,4.29456,1.2217300000000006
-0.2803000000000001,16.107112,4.29456,1.22173
-0.2803000000000001,16.117112,4.29456,1.2217300000000006
-0.2803000000000001,16.127112,4.29456,1.22173
-0.2803000000000001,16.137112,4.29456,1.2217300000000006
-0.2803000000000001,16.146088,4.29456,1.22173
-0.2803000000000001,16.156088,4.29456,1.2217300000000006
-0.2803000000000001,16.166088,4.29456,1.22173
-0.2803000000000001,16.176088,4.29456,1.2217300000000006
-0.2803000000000001,16.185064,4.29456,1.22173
-0.2803000000000001,16.195064,4.29456,1.2217300000000006
-0.2803000000000001,16.205064,4.29456,1.22173
-0.2803000000000001,16.215064,4.29456,1.2217300000000006
-0.2803000000000001,16.22404,4.29456,1.22173
-0.2803000000000001,16.23404,4.29456,1.2217300000000006
-0.2803000000000001,16.24404,4.29456,1.22173
-0.2803000000000001,16.25404,4.29456,1.2217300000000006
-0.2803000000000001,16.26404,4.29456,1.22173
-0.2803000000000001,16.27404,4.29456,1.2217300000000006
-0.2803000000000001,16.28404,4.29456,1.22173
-0.2803000000000001,16.29404,4.29456,1.2217300000000006
-0.2803000000000001,16.30404,4.29456,1.22173
-0.2803000000000001,16.313016,4.29456,1.2217300000000006
-0.2803000000000001,16.323016,4.29456,1.22173
-0.2803000000000001,16.333016,4.29456,1.2217300000000006
-0.2803000000000001,16.343016,4.29456,1.22173
-0.2803000000000001,16.351992,4.29456,1.2217300000000006
-0.2803000000000001,16.361992,4.29456,1.22173
-0.2803000000000001,16.371992,4.29456,1.2217300000000006
-0.2803000000000001,16.381992,4.29456,1.22173
-0.2803000000000001,16.390968,4.29456,1.2217300000000006
-0.2803000000000001,16.400968,4.29456,1.22173
-0.2803000000000001,16.410968,4.29456,1.2217300000000006
-0.2803000000000001,16.420968,4.29456,1.22173
-0.2803000000000001,16.430968,4.29456,1.2217300000000006
-0.2803000000000001,16.440968,4.29456,1.22173
-0.2803000000000001,16.450968,4.29456,1.2217300000000006
-0.2803000000000001,16.460968,4.29456,1.22173
-0.2803000000000001,16.470968,4.29456,1.2217300000000006
-0.2803000000000001,16.479944,4.29456,1.22173
-0.2803000000000001,16.489944,4.29456,1.2217300000000006
-0.2803000000000001,16.499944,4.29456,1.22173
-0.2803000000000001,16.509944,4.29456,1.2217300000000006
-0.2803000000000001,16.51892,4.29456,1.22173
-0.2803000000000001,16.52892,4.29456,1.2217300000000006
-0.2803000000000001,16.53892,4.29456,1.22173
-0.2803000000000001,16.548924,4.29456,1.2217300000000006
-0.2803000000000001,16.55892,4.29456,1.22173
-0.2803000000000001,16.56892,4.29456,1.2217300000000006
-0.2803000000000001,16.57892,4.29456,1.22173
-0.2803000000000001,16.58892,4.29456,1.2217300000000006
-0.2803000000000001,16.59892,4.29456,1.22173
-0.2803000000000001,16.607896,4.29456,1.2217300000000006
-0.2803000000000001,16.617896,4.29456,1.22173
-0.2803000000000001,16.627896,4.29456,1.2217300000000006
-0.2803000000000001,16.637896,4.29456,1.22173
-0.2803000000000001,16.647896,4.29456,1.2217300000000006
-0.2803000000000001,16.657896,4.29456,1.22173
-0.2803000000000001,16.667896,4.29456,1.2217300000000006
-0.2803000000000001,16.677896,4.29456,1.22173
-0.2803000000000001,16.686872,4.29456,1.2217300000000006
-0.2803000000000001,16.696872,4.29456,1.22173
-0.2803000000000001,16.706872,4.29456,1.2217300000000006
-0.2803000000000001,16.716872,4.29456,1.22173
-0.2803000000000001,16.726872,4.29456,1.2217300000000006
-0.2803000000000001,16.736872,4.29456,1.22173
-0.2803000000000001,16.746872,4.29456,1.2217300000000006
-0.2803000000000001,16.756872,4.29456,1.22173
-0.2803000000000001,16.766872,4.29456,1.2217300000000006
-0.2803000000000001,16.776872,4.29456,1.22173
-0.2803000000000001,16.786872,4.29456,1.2217300000000006
-0.2803000000000001,16.796872,4.29456,1.22173
-0.2803000000000001,16.806872,4.29456,1.2217300000000006
-0.2803000000000001,16.815848,4.29456,1.22173
-0.2803000000000001,16.825848,4.29456,1.2217300000000006
-0.2803000000000001,16.835848,4.29456,1.22173
-0.2803000000000001,16.845848,4.29456,1.2217300000000006
-0.2803000000000001,16.854824,4.29456,1.22173
-0.2803000000000001,16.864824,4.29456,1.2217300000000006
-0.2803000000000001,16.874824,4.29456,1.22173
-0.2803000000000001,16.884824,4.29456,1.2217300000000006
-0.2803000000000001,16.894824,4.29456,1.22173
-0.2803000000000001,16.904824,4.29456,1.2217300000000006
-0.2803000000000001,16.914824,4.29456,1.22173
-0.2803000000000001,16.924824,4.29456,1.2217300000000006
-0.2803000000000001,16.934824,4.29456,1.22173
-0.2803000000000001,16.944824,4.29456,1.2217300000000006
-0.2803000000000001,16.954824,4.29456,1.22173
-0.2803000000000001,16.964824,4.29456,1.2217300000000006
-0.2803000000000001,16.974824,4.29456,1.22173
-0.2803000000000001,16.9838,4.29456,1.2217300000000006
-0.2803000000000001,16.9938,4.29456,1.22173
-0.4417430000000002,17.0038,4.29456,1.2217300000000006
-0.6028720000000002,17.013824,4.294246,1.22173
-0.7627445000000002,17.022804,4.292675000000001,1.2217300000000006
-0.9202605000000003,17.03178,4.288748000000001,1.22173
-1.0746350000000002,17.04178,4.281679500000001,1.2217300000000006
-1.2254750000000003,17.051784,4.271076500000001,1.22173
-1.3724670000000003,17.061792,4.256625000000001,1.2217300000000006
-1.5152175000000003,17.071784,4.237932500000001,1.22173
-1.6534129999999998,17.08178,4.214684500000001,1.2217300000000006
-1.7865820000000001,17.091796,4.18641,1.22173
-1.9143315000000003,17.101784,4.1527164999999995,1.2217300000000006
-2.0363475,17.11076,4.1132895,1.22173
-2.1523160000000003,17.12076,4.067814999999999,1.2217300000000006
-2.2623155,17.13076,4.0163715,1.22173
-2.3661105,17.140756,3.9587234999999996,1.2217300000000006
-2.463151,17.149732,3.894321000000001,1.22173
-2.553751,17.159732,3.823478,1.2217300000000006
-2.6387750000000003,17.169736,3.7470585,1.22173
-2.718458,17.179736,3.6652985000000005,1.2217300000000006
-2.7924075,17.189736,3.577805000000001,1.22173
-2.6988665,17.199736,3.4842639999999996,1.2217300000000006
-2.5999060000000003,17.209736,3.3853035,1.22173
-2.4975685,17.219736,3.2829665,1.2217300000000006
-2.3942884999999996,17.229736,3.1796865000000003,1.22173
-2.292108,17.239732,3.077506,1.2217300000000006
-2.192284,17.249732,2.9776819999999997,1.22173
-2.0953654999999998,17.259732,2.8807639999999997,1.2217300000000006
-2.001275,17.269732,2.7866734999999996,1.22173
-1.909383,17.278712,2.694782,1.2217300000000006
-1.8198475000000003,17.288712,2.6052465,1.22173
-1.7337680000000004,17.298712,2.5191665,1.2217300000000006
-1.652558,17.308712,2.4379565,1.22173
-1.5772385,17.317664,2.3626365,1.2217300000000006
-1.5078880000000001,17.327656,2.2932854999999996,1.22173
-1.444742,17.337656,2.230139,1.2217300000000006
-1.3883505,17.347656,2.173747,1.22173
-1.3383995000000002,17.357656,2.1237955,1.2217300000000006
-1.2940245000000001,17.367656,2.0794205000000003,1.22173
-1.2549905000000001,17.377656,2.0403860000000003,1.2217300000000006
-1.2216900000000002,17.387656,2.007085,1.22173
-1.1944370000000002,17.397656,1.9798315000000006,1.2217300000000006
-1.1729175,17.407656,1.9583115000000004,1.22173
-1.1560315,17.417656,1.9414250000000004,1.2217300000000006
-1.1424445,17.427656,1.9278375000000005,1.22173
-1.1308995000000002,17.437656,1.9162920000000003,1.2217300000000006
-1.1205325000000002,17.446632,1.9059245000000002,1.22173
-1.1111080000000002,17.456632,1.8964995000000002,1.2217300000000006
-1.1030970000000002,17.466632,1.888488,1.22173
-1.0974425000000003,17.476632,1.8828330000000002,1.2217300000000006
-1.0944580000000002,17.485608,1.8798485,1.22173
-1.0934370000000002,17.495608,1.8788274999999999,1.2217300000000006
-1.09328,17.505608,1.87867,1.22173
-1.09328,17.515608,1.87867,1.2217300000000006
-1.09328,17.525608,1.87867,1.22173
-1.09328,17.535608,1.87867,1.2217300000000006
-1.09328,17.545608,1.87867,1.22173
-1.09328,17.555608,1.87867,1.2217300000000006
-1.09328,17.565608,1.87867,1.22173
-1.09328,17.575608,1.87867,1.2217300000000006
-1.09328,17.585608,1.87867,1.22173
-1.09328,17.595608,1.87867,1.2217300000000006
-1.09328,17.605608,1.87867,1.22173
-1.09328,17.614584,1.87867,1.2217300000000006
-1.09328,17.624584,1.87867,1.22173
-1.09328,17.634584,1.87867,1.2217300000000006
-1.09328,17.644584,1.87867,1.22173
-1.09328,17.65356,1.87867,1.2217300000000006
-1.09328,17.66356,1.87867,1.22173
-1.09328,17.67356,1.87867,1.2217300000000006
-1.09328,17.68356,1.87867,1.22173
-1.09328,17.69356,1.87867,1.2217300000000006
-1.09328,17.70356,1.87867,1.22173
-1.09328,17.71356,1.87867,1.2217300000000006
-1.09328,17.72356,1.87867,1.22173
-1.09328,17.73356,1.87867,1.2217300000000006
-1.09328,17.74356,1.87867,1.22173
-1.09328,17.75356,1.87867,1.2217300000000006
-1.09328,17.76356,1.87867,1.22173
-1.09328,17.77356,1.87867,1.2217300000000006
-1.09328,17.782536,1.87867,1.22173
-1.09328,17.792536,1.87867,1.2217300000000006
-1.09328,17.802536,1.87867,1.22173
-1.09328,17.81254,1.87867,1.2217300000000006
-1.09328,17.822536,1.87867,1.22173
-1.09328,17.832536,1.87867,1.2217300000000006
-1.09328,17.842536,1.87867,1.22173
-1.09328,17.852536,1.87867,1.2217300000000006
-1.09328,17.862536,1.87867,1.22173
-1.09328,17.872536,1.87867,1.2217300000000006
-1.09328,17.882536,1.87867,1.22173
-1.09328,17.892536,1.87867,1.2217300000000006
-1.09328,17.902536,1.87867,2.87939
-1.09328,17.912536,1.87867,1.3046130000000007
-1.09328,17.922536,1.87867,2.87939
-1.09328,17.932536,1.87867,1.3874960000000007
-1.09328,17.942536,1.87867,2.87939
-1.09328,17.951512,1.87867,1.4703790000000008
-1.09328,17.961512,1.87867,2.87939
-1.09328,17.971512,1.87867,1.5532620000000008
-1.09328,17.981512,1.87867,2.87939
-1.09328,17.991512,1.87867,1.6361450000000006
-1.09328,18.001512,1.87867,2.87939
-1.09328,18.011512,1.87867,1.7190280000000007
-1.09328,18.021512,1.87867,2.87939
-1.09328,18.031512,1.87867,1.8019110000000005
-1.09328,18.041512,1.87867,2.87939
-1.09328,18.051512,1.87867,1.8847940000000005
-1.09328,18.061512,1.87867,2.87939
-1.09328,18.071512,1.87867,1.9676770000000006
-1.09328,18.080488,1.87867,2.87939
-1.09328,18.090488,1.87867,2.0505600000000004
-1.09328,18.100488,1.87867,2.87939
-1.09328,18.110488,1.87867,2.1334430000000006
-1.09328,18.119464,1.87867,2.87939
-1.09328,18.129464,1.87867,2.2163260000000005
-1.09328,18.139464,1.87867,2.87939
-1.09328,18.149464,1.87867,2.2992090000000007
-1.09328,18.159464,1.87867,2.87939
-1.09328,18.169464,1.87867,2.3820920000000005
-1.09328,18.179464,1.87867,2.87939
-1.09328,18.189464,1.87867,2.464975000000001
-1.09328,18.199464,1.87867,2.87939
-1.09328,18.209464,1.87867,2.5478580000000006
-1.09328,18.219464,1.87867,2.87939
-1.09328,18.229464,1.87867,2.6307410000000004
-1.09328,18.239464,1.87867,2.87939
-1.09328,18.24844,1.87867,2.7136240000000007
-1.09328,18.25844,1.87867,2.87939
-1.09328,18.26844,1.87867,2.7965070000000005
-1.09328,18.27844,1.87867,2.87939
-1.09328,18.287416,1.87867,2.879390000000001
-1.09328,18.297416,1.87867,2.87939
-1.09328,18.307416,1.87867,2.879390000000001
-1.09328,18.317416,1.87867,2.87939
-1.09328,18.327416,1.87867,2.879390000000001
-1.09328,18.337416,1.87867,2.87939
-1.09328,18.347416,1.87867,2.879390000000001
-1.09328,18.357416,1.87867,2.87939
-1.09328,18.367416,1.87867,2.879390000000001
-1.09328,18.377416,1.87867,2.87939
-1.09328,18.387416,1.87867,2.879390000000001
-1.09328,18.397416,1.87867,2.87939
-1.09328,18.407416,1.87867,2.879390000000001
-1.09328,18.416392,1.87867,2.87939
-1.09328,18.426392,1.87867,2.879390000000001
-1.09328,18.436392,1.87867,2.87939
-1.09328,18.446396,1.87867,2.879390000000001
-1.09328,18.456392,1.87867,2.87939
-1.09328,18.466392,1.87867,2.879390000000001
-1.09328,18.476392,1.87867,2.87939
-1.09328,18.486392,1.87867,2.879390000000001
-1.09328,18.496392,1.87867,2.87939
-1.09328,18.506392,1.87867,2.879390000000001
-1.09328,18.516392,1.87867,2.87939
-1.09328,18.526392,1.87867,2.879390000000001
-1.09328,18.536392,1.87867,2.87939
-1.09328,18.546392,1.87867,2.879390000000001
-1.09328,18.556392,1.87867,2.87939
-1.09328,18.566392,1.87867,2.879390000000001
-1.09328,18.576392,1.87867,2.87939
-1.09328,18.585368,1.87867,2.879390000000001
-1.09328,18.595368,1.87867,2.87939
-1.09328,18.605368,1.87867,2.879390000000001
-1.09328,18.615368,1.87867,2.87939
-1.09328,18.625368,1.87867,2.879390000000001
-1.09328,18.635368,1.87867,2.87939
-1.09328,18.645368,1.87867,2.879390000000001
-1.09328,18.655368,1.87867,2.87939
-1.09328,18.665368,1.87867,2.879390000000001
-1.09328,18.675368,1.87867,2.87939
-1.09328,18.685368,1.87867,2.879390000000001
-1.09328,18.695368,1.87867,2.87939
-1.09328,18.705368,1.87867,2.879390000000001
-1.09328,18.714344,1.87867,2.87939
-1.09328,18.724344,1.87867,2.879390000000001
-1.09328,18.734344,1.87867,2.87939
-1.09328,18.744344,1.87867,2.879390000000001
-1.09328,18.75332,1.87867,2.87939
-1.09328,18.76332,1.87867,2.879390000000001
-1.09328,18.77332,1.87867,2.87939
-1.09328,18.78332,1.87867,2.879390000000001
-1.09328,18.79332,1.87867,2.87939
-1.09328,18.80332,1.87867,2.879390000000001
-1.09328,18.81332,1.87867,2.87939
-1.09328,18.82332,1.87867,2.879390000000001
-1.09328,18.83332,1.87867,2.87939
-1.09328,18.84332,1.87867,2.879390000000001
-1.09328,18.85332,1.87867,2.87939
-1.09328,18.86332,1.87867,2.879390000000001
-1.09328,18.87332,1.87867,2.87939
-1.09328,18.882296,1.87867,2.879390000000001
-1.09328,18.892296,1.87867,2.87939
-1.09328,18.902296,1.87867,2.879390000000001
-1.09328,18.912296,1.87867,2.87939
-1.09328,18.921272,1.87867,2.879390000000001
-1.09328,18.931272,1.87867,2.87939
-1.09328,18.941272,1.87867,2.879390000000001
-1.09328,18.951272,1.87867,2.87939
-1.09328,18.961272,1.87867,2.879390000000001
-1.09328,18.971272,1.87867,2.87939
-1.09328,18.981272,1.87867,2.879390000000001
-1.09328,18.991272,1.87867,2.87939
-1.0016500000000002,19.001272,1.87867,2.879390000000001
-0.9100200000000002,19.011272,1.87867,2.87939
-0.8183900000000002,19.021272,1.87867,2.879390000000001
-0.7267600000000002,19.031272,1.87867,2.87939
-0.6351300000000002,19.041272,1.87867,2.879390000000001
-0.5435000000000002,19.050248,1.87867,2.87939
-0.4518700000000002,19.060248,1.87867,2.879390000000001
-0.36024000000000017,19.070248,1.87867,2.87939
-0.2686100000000002,19.080252,1.87867,2.879390000000001
-0.17698000000000005,19.090248,1.87867,2.87939
-0.08534999999999993,19.100248,1.87867,2.879390000000001
0.00628000000000003,19.110248,1.87867,2.87939
0.09791000000000001,19.120248,1.87867,2.879390000000001
0.18954000000000001,19.130248,1.87867,2.87939
0.2811700000000001,19.140248,1.87867,2.879390000000001
0.3728000000000001,19.150248,1.87867,2.87939
0.46443000000000006,19.160248,1.87867,2.879390000000001
0.5560599999999999,19.170248,1.87867,2.87939
0.6476899999999999,19.180248,1.87867,2.879390000000001
0.7393199999999998,19.190248,1.87867,2.87939
0.7393199999999998,19.200248,1.87867,2.879390000000001
0.7393199999999998,19.210248,1.87867,2.87939
0.7393199999999998,19.219224,1.87867,2.879390000000001
0.7393199999999998,19.229224,1.87867,2.87939
0.7393199999999998,19.239224,1.87867,2.879390000000001
0.7393199999999998,19.249224,1.87867,2.87939
0.7393199999999998,19.259224,1.87867,2.879390000000001
0.7393199999999998,19.269224,1.87867,2.87939
0.7393199999999998,19.279224,1.87867,2.879390000000001
0.7393199999999998,19.289224,1.87867,2.87939
0.7393199999999998,19.299224,1.87867,2.879390000000001
0.7393199999999998,19.309224,1.87867,2.87939
0.7393199999999998,19.319224,1.87867,2.879390000000001
0.7393199999999998,19.329224,1.87867,2.87939
0.7393199999999998,19.339224,1.87867,2.879390000000001
0.7393199999999998,19.3482,1.87867,2.87939
0.7393199999999998,19.3582,1.87867,2.879390000000001
0.7393199999999998,19.3682,1.87867,2.87939
0.7393199999999998,19.3782,1.87867,2.879390000000001
0.7393199999999998,19.387176,1.87867,2.87939
0.7393199999999998,19.397176,1.87867,2.879390000000001
0.7393199999999998,19.407176,1.87867,2.87939
0.7393199999999998,19.417176,1.87867,2.879390000000001
0.7393199999999998,19.427176,1.87867,2.87939
0.7393199999999998,19.437176,1.87867,2.879390000000001
0.7393199999999998,19.447176,1.87867,2.87939
0.7393199999999998,19.457176,1.87867,2.879390000000001
0.7393199999999998,19.467176,1.87867,2.87939
0.7393199999999998,19.477176,1.87867,2.879390000000001
0.7393199999999998,19.487176,1.87867,2.87939
0.7393199999999998,19.497176,1.87867,2.879390000000001
0.7393199999999998,19.507176,1.87867,2.87939
0.7393199999999998,19.516152,1.87867,2.879390000000001
0.7393199999999998,19.526152,1.87867,2.87939
0.7393199999999998,19.536152,1.87867,2.879390000000001
0.7393199999999998,19.546152,1.87867,2.87939
0.7393199999999998,19.555128,1.87867,2.879390000000001
0.7393199999999998,19.565128,1.87867,2.87939
0.7393199999999998,19.575128,1.87867,2.879390000000001
0.7393199999999998,19.585128,1.87867,2.87939
0.7393199999999998,19.595128,1.87867,2.879390000000001
0.7393199999999998,19.605128,1.87867,2.87939
0.7393199999999998,19.615128,1.87867,2.879390000000001
0.7393199999999998,19.625128,1.87867,2.87939
0.7393199999999998,19.635128,1.87867,2.879390000000001
0.7393199999999998,19.644104,1.87867,2.87939
0.7393199999999998,19.654104,1.87867,2.879390000000001
0.7393199999999998,19.664104,1.87867,2.87939
0.7393199999999998,19.674104,1.87867,2.879390000000001
0.7393199999999998,19.68308,1.87867,2.87939
0.7393199999999998,19.69308,1.87867,2.879390000000001
0.7393199999999998,19.70308,1.87867,2.87939
0.7393199999999998,19.713084,1.87867,2.879390000000001
0.7393199999999998,19.72308,1.87867,2.87939
0.7393199999999998,19.73308,1.87867,2.879390000000001
0.7393199999999998,19.74308,1.87867,2.87939
0.7393199999999998,19.75308,1.87867,2.879390000000001
0.7393199999999998,19.76308,1.87867,2.87939
0.7393199999999998,19.772056,1.87867,2.879390000000001
0.7393199999999998,19.782056,1.87867,2.87939
0.7393199999999998,19.792056,1.87867,2.879390000000001
0.7393199999999998,19.802056,1.87867,2.87939
0.7393199999999998,19.811032,1.87867,2.879390000000001
0.7393199999999998,19.821032,1.87867,2.87939
0.7393199999999998,19.831032,1.87867,2.879390000000001
0.7393199999999998,19.841032,1.87867,2.87939
0.7393199999999998,19.850008,1.87867,2.879390000000001
0.7393199999999998,19.860008,1.87867,2.87939
0.7393199999999998,19.870008,1.87867,2.879390000000001
0.7393199999999998,19.880008,1.87867,2.87939
0.7393199999999998,19.890008,1.87867,2.879390000000001
0.7393199999999998,19.900008,1.87867,2.87939
0.7393199999999998,19.910008,1.87867,2.879390000000001
0.7393199999999998,19.920008,1.87867,2.87939
0.7393199999999998,19.930008,1.87867,2.879390000000001
0.7393199999999998,19.938984,1.87867,2.87939
0.7393199999999998,19.948984,1.87867,2.879390000000001
0.7393199999999998,19.958984,1.87867,2.87939
0.7393199999999998,19.968984,1.87867,2.879390000000001
0.7393199999999998,19.97796,1.87867,2.87939
0.7393199999999998,19.98796,1.87867,2.879390000000001
0.7393199999999998,19.99796,1.87867,2.87939
0.7393199999999998,20.00796,1.87867,2.879390000000001
0.7393199999999998,20.016936,1.87867,2.87939
0.7393199999999998,20.026936,1.87867,2.879390000000001
0.7393199999999998,20.036936,1.87867,2.87939
0.7393199999999998,20.046936,1.87867,2.879390000000001
0.7393199999999998,20.056936,1.87867,2.87939
0.7393199999999998,20.066936,1.87867,2.879390000000001
0.7393199999999998,20.076936,1.87867,2.87939
0.7393199999999998,20.086936,1.87867,2.879390000000001
0.7393199999999998,20.096936,1.87867,2.87939
0.7393199999999998,20.105912,1.87867,2.879390000000001
0.7393199999999998,20.115912,1.87867,2.87939
0.7393199999999998,20.125912,1.87867,2.879390000000001
0.7393199999999998,20.135912,1.87867,2.87939
0.7393199999999998,20.144888,1.87867,2.879390000000001
0.7393199999999998,20.154888,1.87867,2.87939
0.7393199999999998,20.164888,1.87867,2.879390000000001
0.7393199999999998,20.174888,1.87867,2.87939
0.7393199999999998,20.183864,1.87867,2.879390000000001
0.7393199999999998,20.193864,1.87867,2.87939
0.7393199999999998,20.203864,1.87867,2.879390000000001
0.7393199999999998,20.213864,1.87867,2.87939
0.7393199999999998,20.223864,1.87867,2.879390000000001
0.7393199999999998,20.233864,1.87867,2.87939
0.7393199999999998,20.243864,1.87867,2.879390000000001
0.7393199999999998,20.253864,1.87867,2.87939
0.7393199999999998,20.263864,1.87867,2.879390000000001
0.7393199999999998,20.273864,1.87867,2.87939
0.7393199999999998,20.283864,1.87867,2.879390000000001
0.7393199999999998,20.293864,1.87867,2.87939
0.7393199999999998,20.303864,1.87867,2.879390000000001
0.7393199999999998,20.31284,1.87867,2.87939
0.7393199999999998,20.32284,1.87867,2.879390000000001
0.7393199999999998,20.33284,1.87867,2.87939
0.7393199999999998,20.342844,1.87867,2.879390000000001
0.7393199999999998,20.35284,1.87867,2.87939
0.7393199999999998,20.36284,1.87867,2.879390000000001
0.7393199999999998,20.37284,1.87867,2.87939
0.7393199999999998,20.38284,1.87867,2.879390000000001
0.7393199999999998,20.39284,1.87867,2.87939
0.7393199999999998,20.40284,1.87867,2.879390000000001
0.7393199999999998,20.41284,1.87867,2.87939
0.7393199999999998,20.42284,1.87867,2.879390000000001
0.7393199999999998,20.43284,1.87867,2.87939
0.7393199999999998,20.44284,1.87867,2.879390000000001
0.7393199999999998,20.45284,1.87867,2.87939
0.7393199999999998,20.46284,1.87867,2.879390000000001
0.7393199999999998,20.47284,1.87867,2.87939
0.7393199999999998,20.481816,1.87867,2.879390000000001
0.7393199999999998,20.491816,1.87867,2.87939
0.7393199999999998,20.501816,1.87867,2.879390000000001
0.7393199999999998,20.511816,1.87867,2.87939
0.7393199999999998,20.521816,1.87867,2.879390000000001
0.7393199999999998,20.531816,1.87867,2.87939
0.7393199999999998,20.541816,1.87867,2.879390000000001
0.7393199999999998,20.551816,1.87867,2.87939
0.7393199999999998,20.561816,1.87867,2.879390000000001
0.7393199999999998,20.571816,1.87867,2.87939
0.7393199999999998,20.581816,1.87867,2.879390000000001
0.7393199999999998,20.591816,1.87867,2.87939
0.7393199999999998,20.601816,1.87867,2.879390000000001
0.7393199999999998,20.610792,1.87867,2.87939
0.7393199999999998,20.620792,1.87867,2.879390000000001
0.7393199999999998,20.630792,1.87867,2.87939
0.7393199999999998,20.640792,1.87867,2.879390000000001
0.7393199999999998,20.649768,1.87867,2.87939
0.7393199999999998,20.659768,1.87867,2.879390000000001
0.7393199999999998,20.669768,1.87867,2.87939
0.7393199999999998,20.679768,1.87867,2.879390000000001
0.7393199999999998,20.689768,1.87867,2.87939
0.7393199999999998,20.699768,1.87867,2.879390000000001
0.7393199999999998,20.709768,1.87867,2.87939
0.7393199999999998,20.719768,1.87867,2.879390000000001
0.7393199999999998,20.729768,1.87867,2.87939
0.7393199999999998,20.739768,1.87867,2.879390000000001
0.7393199999999998,20.749768,1.87867,2.87939
0.7393199999999998,20.759768,1.87867,2.879390000000001
0.7393199999999998,20.769768,1.87867,2.87939
0.7393199999999998,20.778744,1.87867,2.879390000000001
0.7393199999999998,20.788744,1.87867,2.87939
0.7393199999999998,20.798744,1.87867,2.879390000000001
0.7393199999999998,20.808744,1.87867,2.87939
0.7393199999999998,20.81772,1.87867,2.879390000000001
0.7393199999999998,20.82772,1.87867,2.87939
0.7393199999999998,20.83772,1.87867,2.879390000000001
0.7393199999999998,20.84772,1.87867,2.87939
0.7393199999999998,20.85772,1.87867,2.879390000000001
0.7393199999999998,20.86772,1.87867,2.87939
0.7393199999999998,20.87772,1.87867,2.879390000000001
0.7393199999999998,20.88772,1.87867,2.87939
0.7393199999999998,20.89772,1.87867,2.879390000000001
0.7393199999999998,20.90772,1.87867,2.87939
0.7393199999999998,20.91772,1.87867,2.879390000000001
0.7393199999999998,20.92772,1.87867,2.87939
0.7393199999999998,20.93772,1.87867,2.879390000000001
0.7393199999999998,20.946696,1.87867,2.87939
0.7393199999999998,20.956696,1.87867,2.879390000000001
0.7393199999999998,20.966696,1.87867,2.87939
0.7393199999999998,20.9767,1.87867,2.879390000000001
0.7393199999999998,20.986696,1.87867,2.87939
0.7393199999999998,20.996696,1.87867,2.879390000000001
0.8440394999999999,21.006696,1.87867,2.87939
0.9483664999999999,21.01672,1.8790630000000001,2.879390000000001
1.05128,21.026724,1.8808695000000002,2.87939
1.151837,21.035704,1.8850324999999999,2.879390000000001
1.2495665,21.045704,1.8920225,2.87939
1.344076,21.055704,1.902233,2.879390000000001
1.434894,21.065704,1.9161350000000004,2.87939
1.5215494999999997,21.074676,1.9341995,2.879390000000001
1.6035709999999996,21.084676,1.9568975000000002,2.87939
1.6805659999999998,21.094676,1.9846225000000004,2.879390000000001
1.7522205,21.10468,2.017688,2.87939
1.8182199999999995,21.113656,2.0564085000000003,2.879390000000001
1.8790360000000002,21.123656,2.1003125000000007,2.87939
1.9352179999999999,21.133652,2.1488505000000004,2.879390000000001
1.986609,21.143652,2.2021795000000006,2.87939
2.032895,21.153656,2.2606135000000007,2.879390000000001
2.0736835,21.163656,2.3245450000000005,2.87939
2.109131,21.173652,2.3938175000000004,2.879390000000001
2.1402590000000004,21.183652,2.4674095000000005,2.87939
2.1683239999999997,21.193656,2.5440645000000006,2.879390000000001
2.0893915,21.202632,2.6229970000000007,2.87939
2.0094380000000003,21.212628,2.7029505000000005,2.879390000000001
1.9305840000000005,21.222628,2.7818045000000007,2.87939
1.8540080000000003,21.232632,2.858380500000001,2.879390000000001
1.7793955000000006,21.241604,2.9329935000000007,2.87939
1.7067460000000005,21.2516,3.0056425000000004,2.879390000000001
1.6371600000000002,21.261604,3.0752285000000006,2.87939
1.5717365000000003,21.271608,3.1406520000000007,2.879390000000001
1.5111040000000002,21.280584,3.201285000000001,2.87939
1.4552625000000001,21.29058,3.2571265000000005,2.879390000000001
1.404133,21.30058,3.308256000000001,2.87939
1.3583445,21.31056,3.3540445000000005,2.879390000000001
1.3177395,21.320552,3.3946495000000008,2.87939
1.2817685,21.330552,3.4306205000000007,2.879390000000001
1.2505885,21.340552,3.4618005000000007,2.87939
1.2245135,21.350552,3.4878755,2.879390000000001
1.2039360000000001,21.360552,3.5084530000000003,2.87939
1.1886995,21.370552,3.5236894999999997,2.879390000000001
1.1777825,21.380552,3.5346064999999998,2.87939
1.1699285000000001,21.390552,3.5424605000000002,2.879390000000001
1.1643525000000003,21.400552,3.5480369999999994,2.87939
1.1601900000000003,21.409528,3.5521995,2.879390000000001
1.1563415000000004,21.419528,3.556047999999999,2.87939
1.1525715000000003,21.429528,3.5598179999999995,2.879390000000001
1.1496655000000005,21.439528,3.5627239999999993,2.87939
1.1480165000000004,21.448504,3.5643734999999994,2.879390000000001
1.1469955000000005,21.458504,3.5653944999999996,2.87939
1.1459745000000006,21.468504,3.5664154999999997,2.879390000000001
1.1447965000000007,21.478504,3.567593499999999,2.87939
1.1438540000000006,21.488504,3.568535999999999,2.879390000000001
1.1435400000000004,21.498504,3.5688499999999994,2.87939
1.1435400000000004,21.508504,3.5688499999999994,2.879390000000001
1.1435400000000004,21.518504,3.5688499999999994,2.87939
1.1435400000000004,21.528504,3.5688499999999994,2.879390000000001
1.1435400000000004,21.538504,3.5688499999999994,2.87939
1.1435400000000004,21.548504,3.5688499999999994,2.879390000000001
1.1435400000000004,21.558504,3.5688499999999994,2.87939
1.1435400000000004,21.568504,3.5688499999999994,2.879390000000001
1.1435400000000004,21.57748,3.5688499999999994,2.87939
1.1435400000000004,21.58748,3.5688499999999994,2.879390000000001
1.1435400000000004,21.59748,3.5688499999999994,2.87939
1.1435400000000004,21.607484,3.5688499999999994,2.879390000000001
1.1435400000000004,21.61748,3.5688499999999994,2.87939
1.1435400000000004,21.62748,3.5688499999999994,2.879390000000001
1.1435400000000004,21.63748,3.5688499999999994,2.87939
1.1435400000000004,21.64748,3.5688499999999994,2.879390000000001
1.1435400000000004,21.65748,3.5688499999999994,2.87939
1.1435400000000004,21.66748,3.5688499999999994,2.879390000000001
1.1435400000000004,21.67748,3.5688499999999994,2.87939
1.1435400000000004,21.68748,3.5688499999999994,2.879390000000001
1.1435400000000004,21.69748,3.5688499999999994,2.87939
1.1435400000000004,21.70748,3.5688499999999994,2.879390000000001
1.1435400000000004,21.71748,3.5688499999999994,2.87939
1.1435400000000004,21.72748,3.5688499999999994,2.879390000000001
1.1435400000000004,21.73748,3.5688499999999994,2.87939
1.1435400000000004,21.746456,3.5688499999999994,2.879390000000001
1.1435400000000004,21.756456,3.5688499999999994,2.87939
1.1435400000000004,21.766456,3.5688499999999994,2.879390000000001
1.1435400000000004,21.776456,3.5688499999999994,2.87939
1.1435400000000004,21.786456,3.5688499999999994,2.879390000000001
1.1435400000000004,21.796456,3.5688499999999994,2.87939
1.1435400000000004,21.806456,3.5688499999999994,2.879390000000001
1.1435400000000004,21.816456,3.5688499999999994,2.87939
1.1435400000000004,21.826456,3.5688499999999994,2.879390000000001
1.1435400000000004,21.836456,3.5688499999999994,2.87939
1.1435400000000004,21.846456,3.5688499999999994,2.879390000000001
1.1435400000000004,21.856456,3.5688499999999994,2.87939
1.1435400000000004,21.866456,3.5688499999999994,2.879390000000001
1.1435400000000004,21.875432,3.5688499999999994,2.87939
1.1435400000000004,21.885432,3.5688499999999994,2.879390000000001
1.1435400000000004,21.895432,3.5688499999999994,1.7453
1.1435400000000004,21.905432,3.5688499999999994,2.8226855000000004
1.1435400000000004,21.914408,3.5688499999999994,1.7453
1.1435400000000004,21.924408,3.5688499999999994,2.7659810000000005
1.1435400000000004,21.934408,3.5688499999999994,1.7453
1.1435400000000004,21.944408,3.5688499999999994,2.7092765000000005
1.1435400000000004,21.954408,3.5688499999999994,1.7453
1.1435400000000004,21.964408,3.5688499999999994,2.6525720000000006
1.1435400000000004,21.974408,3.5688499999999994,1.74533
1.1435400000000004,21.984408,3.5688499999999994,2.5958690000000004
1.1435400000000004,21.994408,3.5688499999999994,1.7453
1.1435400000000004,22.004408,3.5688499999999994,2.5391645000000005
1.1435400000000004,22.014408,3.5688499999999994,1.7453
1.1435400000000004,22.024408,3.5688499999999994,2.4824600000000006
1.1435400000000004,22.034408,3.5688499999999994,1.7453
1.1435400000000004,22.043384,3.5688499999999994,2.4257555000000006
1.1435400000000004,22.053384,3.5688499999999994,1.7453
1.1435400000000004,22.063384,3.5688499999999994,2.3690510000000002
1.1435400000000004,22.073384,3.5688499999999994,1.7453
1.1435400000000004,22.08236,3.5688499999999994,2.3123465000000003
1.1435400000000004,22.09236,3.5688499999999994,1.7453
1.1435400000000004,22.10236,3.5688499999999994,2.2556420000000004
1.1435400000000004,22.11236,3.5688499999999994,1.7453
1.1435400000000004,22.12236,3.5688499999999994,2.1989375000000004
1.1435400000000004,22.13236,3.5688499999999994,1.74533
1.1435400000000004,22.14236,3.5688499999999994,2.1422345000000003
1.1435400000000004,22.15236,3.5688499999999994,1.7453
1.1435400000000004,22.16236,3.5688499999999994,2.0855300000000003
1.1435400000000004,22.17236,3.5688499999999994,1.7453
1.1435400000000004,22.18236,3.5688499999999994,2.0288255000000004
1.1435400000000004,22.19236,3.5688499999999994,1.74533
1.1435400000000004,22.20236,3.5688499999999994,1.9721225000000004
1.1435400000000004,22.211336,3.5688499999999994,1.74533
1.1435400000000004,22.221336,3.5688499999999994,1.9154195000000005
1.1435400000000004,22.231336,3.5688499999999994,1.7453
1.1435400000000004,22.24134,3.5688499999999994,1.8587150000000006
1.1435400000000004,22.251336,3.5688499999999994,1.7453
1.1435400000000004,22.261336,3.5688499999999994,1.8020105000000006
1.1435400000000004,22.271336,3.5688499999999994,1.7453
1.1435400000000004,22.281336,3.5688499999999994,1.7453060000000002
1.1435400000000004,22.291336,3.5688499999999994,1.7453
1.1435400000000004,22.301336,3.5688499999999994,1.7453060000000002
1.1435400000000004,22.311336,3.5688499999999994,1.7453
1.1435400000000004,22.321336,3.5688499999999994,1.7453060000000002
1.1435400000000004,22.331336,3.5688499999999994,1.7453
1.1435400000000004,22.341336,3.5688499999999994,1.7453060000000002
1.1435400000000004,22.351336,3.5688499999999994,1.7453
1.1435400000000004,22.361336,3.5688499999999994,1.7453060000000002
1.1435400000000004,22.371336,3.5688499999999994,1.7453
1.1435400000000004,22.380312,3.5688499999999994,1.7453045
1.1435400000000004,22.390312,3.5688499999999994,1.7453
1.1435400000000004,22.400312,3.5688499999999994,1.7453045
1.1435400000000004,22.410312,3.5688499999999994,1.7453
1.1435400000000004,22.420312,3.5688499999999994,1.7453045
1.1435400000000004,22.430312,3.5688499999999994,1.74533
1.1435400000000004,22.440312,3.5688499999999994,1.7453060000000002
1.1435400000000004,22.450312,3.5688499999999994,1.7453
1.1435400000000004,22.460312,3.5688499999999994,1.7453060000000002
1.1435400000000004,22.470312,3.5688499999999994,1.7453
1.1435400000000004,22.480312,3.5688499999999994,1.7453060000000002
1.1435400000000004,22.490312,3.5688499999999994,1.7453
1.1435400000000004,22.500312,3.5688499999999994,1.7453060000000002
1.1435400000000004,22.509288,3.5688499999999994,1.7453
1.1435400000000004,22.519288,3.5688499999999994,1.7453060000000002
1.1435400000000004,22.529288,3.5688499999999994,1.7453
1.1435400000000004,22.539288,3.5688499999999994,1.7453045000000005
1.1435400000000004,22.548264,3.5688499999999994,1.7453
1.1435400000000004,22.558264,3.5688499999999994,1.7453045000000005
1.1435400000000004,22.568264,3.5688499999999994,1.7453
1.1435400000000004,22.578264,3.5688499999999994,1.7453045000000005
1.1435400000000004,22.588264,3.5688499999999994,1.7453
1.1435400000000004,22.598264,3.5688499999999994,1.7453030000000003
1.1435400000000004,22.608264,3.5688499999999994,1.7453
1.1435400000000004,22.618264,3.5688499999999994,1.7453015
1.1435400000000004,22.628264,3.5688499999999994,1.7453
1.1435400000000004,22.638264,3.5688499999999994,1.7453015
1.1435400000000004,22.648264,3.5688499999999994,1.7453
1.1435400000000004,22.658264,3.5688499999999994,1.7453015
1.1435400000000004,22.668264,3.5688499999999994,1.74533
1.1435400000000004,22.67724,3.5688499999999994,1.7453030000000003
1.1435400000000004,22.68724,3.5688499999999994,1.7453
1.1435400000000004,22.69724,3.5688499999999994,1.7453030000000003
1.1435400000000004,22.70724,3.5688499999999994,1.74533
1.1435400000000004,22.716216,3.5688499999999994,1.7453045000000005
1.1435400000000004,22.726216,3.5688499999999994,1.7453
1.1435400000000004,22.736216,3.5688499999999994,1.7453045000000005
1.1435400000000004,22.746216,3.5688499999999994,1.7453
1.1435400000000004,22.756216,3.5688499999999994,1.7453045000000005
1.1435400000000004,22.766216,3.5688499999999994,1.7453
1.1435400000000004,22.776216,3.5688499999999994,1.7453045000000005
1.1435400000000004,22.786216,3.5688499999999994,1.7453
1.1435400000000004,22.796216,3.5688499999999994,1.7453045000000005
1.1435400000000004,22.806216,3.5688499999999994,1.7453
1.1435400000000004,22.816216,3.5688499999999994,1.7453045000000005
1.1435400000000004,22.826216,3.5688499999999994,1.7453
1.1435400000000004,22.836216,3.5688499999999994,1.7453030000000003
1.1435400000000004,22.845192,3.5688499999999994,1.7453
1.1435400000000004,22.855192,3.5688499999999994,1.7453030000000003
1.1435400000000004,22.865192,3.5688499999999994,1.74533
1.1435400000000004,22.875196,3.5688499999999994,1.7453045
1.1435400000000004,22.885192,3.5688499999999994,1.7453
1.1435400000000004,22.895192,3.5688499999999994,1.7453045
1.1435400000000004,22.905192,3.5688499999999994,1.7453
1.1435400000000004,22.915192,3.5688499999999994,1.7453045
1.1435400000000004,22.925192,3.5688499999999994,1.7453
1.1435400000000004,22.935192,3.5688499999999994,1.7453045
1.1435400000000004,22.945192,3.5688499999999994,1.7453
1.1435400000000004,22.955192,3.5688499999999994,1.7453045
1.1435400000000004,22.965192,3.5688499999999994,1.7453
1.1435400000000004,22.975192,3.5688499999999994,1.7453045
1.1435400000000004,22.985192,3.5688499999999994,1.7453
1.1435400000000004,22.995192,3.5688499999999994,1.7453045
0.9253735000000005,23.005192,3.5688499999999994,1.7453
0.7068930000000002,23.014192,3.569164499999999,1.7453045
0.4882555000000002,23.024196,3.569635999999999,1.7453
0.2706390000000002,23.0342,3.5690864999999996,1.7453045
0.05522149999999988,23.0442,3.5663374999999995,1.7453
-0.15744700000000006,23.0542,3.5608400000000007,1.7453045
-0.3669740000000002,23.0642,3.5522004999999996,1.74533
-0.5728095000000002,23.0742,3.53987,1.7453045
-0.7745610000000002,23.084196,3.5234554999999994,1.7453
-0.9718355000000001,23.094196,3.5025639999999996,1.7453045
-1.164162,23.103172,3.4767244999999996,1.7453
-1.3511479999999996,23.113176,3.4455445,1.7453030000000003
-1.5327149999999996,23.123176,3.4089449999999992,1.7453
-1.7086269999999997,23.133176,3.3666904999999994,1.7453030000000003
-1.8787269999999996,23.142152,3.3186239999999994,1.7453
-2.043015,23.152152,3.2647459999999997,1.7453030000000003
-2.2017265000000004,23.162152,3.2052914999999995,1.7453
-2.3554115,23.172152,3.1408104999999993,1.7453030000000003
-2.5039915000000006,23.181128,3.0712244999999996,1.7453
-2.647074000000001,23.191128,2.996140499999999,1.7453030000000003
-2.5666490000000004,23.201132,2.9157159999999998,1.7453
-2.4815905000000007,23.211124,2.8306569999999995,1.7453030000000003
-2.393076,23.221128,2.7421424999999995,1.7453
-2.3034620000000006,23.231128,2.6525284999999994,1.7453030000000003
-2.2150260000000004,23.241128,2.5640929999999997,1.7453
-2.1284750000000003,23.251128,2.4775419999999997,1.7453030000000003
-2.0437305,23.261128,2.3927979999999995,1.7453
-1.9609495000000003,23.270104,2.3100169999999998,1.7453015
-1.8800535000000005,23.280104,2.2291209999999997,1.7453
-1.8011995000000003,23.290104,2.150267,1.7453015
-1.7255660000000004,23.300104,2.074633,1.74533
-1.6543305000000001,23.30908,2.0033969999999997,1.7453030000000003
-1.5881995,23.319056,1.9372664999999996,1.7453
-1.5277234999999998,23.329048,1.8767909999999999,1.7453030000000003
-1.4727455,23.339068,1.8218135000000002,1.7453
-1.4224014999999999,23.348052,1.7714695,1.7453030000000003
-1.3759845,23.358052,1.7250525,1.7453
-1.333573,23.368052,1.6826410000000003,1.7453030000000003
-1.296188,23.378052,1.6452560000000003,1.7453
-1.2645359999999999,23.388052,1.6136045000000003,1.7453030000000003
-1.2383039999999998,23.397008,1.5873720000000002,1.74533
-1.2163914999999998,23.407,1.5654595000000002,1.7453045000000005
-1.1977779999999998,23.417,1.5468455,1.7453
-1.1812849999999997,23.427,1.5303520000000002,1.7453045000000005
-1.1658129999999998,23.435976,1.5148795000000002,1.7453
-1.1512049999999996,23.445976,1.5002710000000001,1.7453045000000005
-1.1379319999999997,23.455976,1.4869975000000002,1.7453
-1.1263869999999998,23.465976,1.4754520000000002,1.7453030000000003
-1.1170409999999997,23.474952,1.4661055000000003,1.74533
-1.1101299999999996,23.484952,1.459194,1.7453045000000005
-1.1049464999999994,23.494952,1.4540105,1.7453
-1.1007055,23.504956,1.4497695000000002,1.7453045000000005
-1.0967789999999997,23.514952,1.4458425000000001,1.7453
-1.0928524999999998,23.524952,1.4419155000000001,1.7453045000000005
-1.08924,23.534952,1.4383025,1.74533
-1.0868054999999999,23.544952,1.4358675,1.7453060000000002
-1.0860204999999998,23.554952,1.4350820000000002,1.7453
-1.0862565,23.564952,1.4353175,1.7453060000000002
-1.086571,23.574952,1.4356315000000002,1.7453
-1.08665,23.584952,1.4357100000000003,1.7453060000000002
-1.08665,23.594952,1.4357100000000003,1.7453
-1.08665,23.604952,1.4357100000000003,1.7453060000000002
-1.08665,23.614952,1.4357100000000003,1.7453
-1.08665,23.624952,1.4357100000000003,1.7453060000000002
-1.08665,23.634952,1.4357100000000003,1.7453
-1.08665,23.643928,1.4357100000000003,1.7453060000000002
-1.08665,23.653928,1.4357100000000003,1.7453
-1.08665,23.663928,1.4357100000000003,1.7453060000000002
-1.08665,23.673928,1.4357100000000003,1.7453
-1.08665,23.683928,1.4357100000000003,1.7453060000000002
-1.08665,23.693928,1.4357100000000003,1.7453
-1.08665,23.703928,1.4357100000000003,1.7453045000000005
-1.08665,23.713928,1.4357100000000003,1.7453
-1.08665,23.723928,1.4357100000000003,1.7453045000000005
-1.08665,23.732904,1.4357100000000003,1.7453
-1.08665,23.742904,1.4357100000000003,1.7453045000000005
-1.08665,23.752904,1.4357100000000003,1.7453
-1.08665,23.762904,1.4357100000000003,1.7453045000000005
-1.08665,23.772904,1.4357100000000003,1.7453
-1.08665,23.782904,1.4357100000000003,1.7453045000000005
-1.08665,23.792904,1.4357100000000003,1.74533
-1.08665,23.802904,1.4357100000000003,1.7453045000000005
-1.08665,23.81188,1.4357100000000003,1.7453
-1.08665,23.82188,1.4357100000000003,1.7453045000000005
-1.08665,23.83188,1.4357100000000003,1.7453
-1.08665,23.84188,1.4357100000000003,1.7453045000000005
-1.08665,23.85188,1.4357100000000003,1.7453
-1.08665,23.86188,1.4357100000000003,1.7453045000000005
-1.08665,23.87188,1.4357100000000003,1.7453
-1.08665,23.88188,1.4357100000000003,1.7453030000000003
-1.08665,23.89188,1.4357100000000003,1.7453
-1.08665,23.90188,1.4357100000000003,1.7453030000000003
-1.08665,23.91188,1.4357100000000003,1.7453
-1.08665,23.92188,1.4357100000000003,1.7453030000000003
-1.08665,23.93188,1.4357100000000003,1.7453
-1.08665,23.940856,1.4357100000000003,1.7453015
-1.08665,23.950856,1.4357100000000003,1.7453
-1.08665,23.960856,1.4357100000000003,1.7453015
-1.08665,23.970856,1.4357100000000003,1.7453
-1.08665,23.979832,1.4357100000000003,1.7453015
-1.08665,23.989832,1.4357100000000003,1.7453
-1.08665,23.999832,1.4357100000000003,1.7453015
-1.08665,24.009832,1.4357100000000003,1.7453
